Area: death_world_gate_of_the_dead
Index: 28
========================================================================================================================

Tile Format (12 bytes = 0x0C):
  Offset 0x00-0x01: x position (UInt16)
  Offset 0x02-0x03: y position (UInt16)
  Offset 0x04-0x05: z position (UInt16)
  Offset 0x06-0x07: rotation_z (UInt16)
  Offset 0x08: tileX (UInt8) - blank if 0xFF
  Offset 0x09: tileY (UInt8)
  Offset 0x0A: tileZ (UInt8)
  Offset 0x0B: unknown (UInt8)
========================================================================================================================

Index OffsetInFile AbsoluteOffset TileX TileY TileZ PosX  PosY  PosZ  RotZ  RawBytes (hex)
------------------------------------------------------------------------------------------------------------------------
    0 000000000000 00000000ac1800 00040 00040 00040 00100 00000 00000 00140 00 01 00 00 00 00 40 01 40 40 40 80 
    1 00000000000c 00000000ac180c 00040 00040 00041 00100 00000 00000 00100 00 01 00 00 00 00 00 01 40 40 41 80 
    2 000000000018 00000000ac1818 00040 00040 00042 00100 00000 00000 00100 00 01 00 00 00 00 00 01 40 40 42 80 
    3 000000000024 00000000ac1824 00040 00040 00043 00100 00000 00000 00100 00 01 00 00 00 00 00 01 40 40 43 80 
    4 000000000030 00000000ac1830 00040 00040 00044 00100 00000 00000 00100 00 01 00 00 00 00 00 01 40 40 44 80 
    5 00000000003c 00000000ac183c 00040 00040 00045 00100 00000 00000 00100 00 01 00 00 00 00 00 01 40 40 45 80 
    6 000000000048 00000000ac1848 00040 00040 00046 00100 00000 00000 001c0 00 01 00 00 00 00 c0 01 40 40 46 80 
    7 000000000054 00000000ac1854 00041 00040 00040 00100 00000 00000 00140 00 01 00 00 00 00 40 01 41 40 40 80 
    8 000000000060 00000000ac1860 00041 00040 00041 00100 00000 00000 00100 00 01 00 00 00 00 00 01 41 40 41 80 
    9 00000000006c 00000000ac186c 00041 00040 00042 00100 00000 00000 00100 00 01 00 00 00 00 00 01 41 40 42 80 
   10 000000000078 00000000ac1878 00041 00040 00043 00100 00000 00000 00100 00 01 00 00 00 00 00 01 41 40 43 80 
   11 000000000084 00000000ac1884 00041 00040 00044 00100 00000 00000 00100 00 01 00 00 00 00 00 01 41 40 44 80 
   12 000000000090 00000000ac1890 00041 00040 00045 00100 00000 00000 00100 00 01 00 00 00 00 00 01 41 40 45 80 
   13 00000000009c 00000000ac189c 00041 00040 00046 00100 00000 0e400 001c7 00 01 00 00 00 e4 c7 01 41 40 46 80 
   14 0000000000a8 00000000ac18a8 00041 00040 00047 00101 00200 00000 00181 01 01 00 02 00 00 81 01 41 40 47 80 
   15 0000000000b4 00000000ac18b4 00041 00040 0003f 00101 00000 00000 0017f 01 01 00 00 00 00 7f 01 41 40 3f 80 
   16 0000000000c0 00000000ac18c0 00042 00040 00040 00100 00000 00000 00140 00 01 00 00 00 00 40 01 42 40 40 80 
   17 0000000000cc 00000000ac18cc 00042 00040 00041 00100 00000 00000 00100 00 01 00 00 00 00 00 01 42 40 41 80 
   18 0000000000d8 00000000ac18d8 00042 00040 00042 00100 00000 00000 00100 00 01 00 00 00 00 00 01 42 40 42 80 
   19 0000000000e4 00000000ac18e4 00042 00040 00043 00100 00000 00000 00100 00 01 00 00 00 00 00 01 42 40 43 80 
   20 0000000000f0 00000000ac18f0 00042 00040 00044 00100 00000 00000 00100 00 01 00 00 00 00 00 01 42 40 44 80 
   21 0000000000fc 00000000ac18fc 00042 00040 00045 00100 00000 00000 00100 00 01 00 00 00 00 00 01 42 40 45 80 
   22 000000000108 00000000ac1908 00042 00040 00046 00100 00000 00000 001c0 00 01 00 00 00 00 c0 01 42 40 46 80 
   23 000000000114 00000000ac1914 00042 00040 00047 00101 00200 00000 00181 01 01 00 02 00 00 81 01 42 40 47 80 
   24 000000000120 00000000ac1920 00042 00040 0003f 00101 00000 00000 0017f 01 01 00 00 00 00 7f 01 42 40 3f 80 
   25 00000000012c 00000000ac192c 00043 00040 00040 00100 00000 0d300 0012d 00 01 00 00 00 d3 2d 01 43 40 40 80 
   26 000000000138 00000000ac1938 00043 00040 00041 00100 00000 0c000 00100 00 01 00 00 00 c0 00 01 43 40 41 80 
   27 000000000144 00000000ac1944 00043 00040 00042 00100 00000 0c000 00100 00 01 00 00 00 c0 00 01 43 40 42 80 
   28 000000000150 00000000ac1950 00043 00040 00043 00100 00000 0c000 00100 00 01 00 00 00 c0 00 01 43 40 43 80 
   29 00000000015c 00000000ac195c 00043 00040 00044 00100 00000 0c000 00100 00 01 00 00 00 c0 00 01 43 40 44 80 
   30 000000000168 00000000ac1968 00043 00040 00045 00100 00000 0c000 00100 00 01 00 00 00 c0 00 01 43 40 45 80 
   31 000000000174 00000000ac1974 00043 00040 00046 00100 00000 0d300 001d3 00 01 00 00 00 d3 d3 01 43 40 46 80 
   32 000000000180 00000000ac1980 00043 00040 00047 00101 00200 00000 00181 01 01 00 02 00 00 81 01 43 40 47 80 
   33 00000000018c 00000000ac198c 00043 00040 0003f 00101 00000 00000 0017f 01 01 00 00 00 00 7f 01 43 40 3f 80 
   34 000000000198 00000000ac1998 00044 00040 00040 00101 00100 08100 00100 01 01 00 01 00 81 00 01 44 40 40 80 
   35 0000000001a4 00000000ac19a4 00044 00040 00041 00101 00100 08100 00100 01 01 00 01 00 81 00 01 44 40 41 80 
   36 0000000001b0 00000000ac19b0 00044 00040 00042 00101 00100 08100 00100 01 01 00 01 00 81 00 01 44 40 42 80 
   37 0000000001bc 00000000ac19bc 00044 00040 00043 00102 00000 08100 00100 02 01 00 00 00 81 00 01 44 40 43 80 
   38 0000000001c8 00000000ac19c8 00044 00040 00044 00101 00100 08100 00100 01 01 00 01 00 81 00 01 44 40 44 80 
   39 0000000001d4 00000000ac19d4 00044 00040 00045 00101 00100 08100 00100 01 01 00 01 00 81 00 01 44 40 45 80 
   40 0000000001e0 00000000ac19e0 00044 00040 00046 00101 00100 08100 00100 01 01 00 01 00 81 00 01 44 40 46 80 
   41 0000000001ec 00000000ac19ec 00044 00040 00047 00103 00100 08800 001d8 03 01 00 01 00 88 d8 01 44 40 47 80 
   42 0000000001f8 00000000ac19f8 00044 00040 0003f 00103 00000 0a700 00159 03 01 00 00 00 a7 59 01 44 40 3f 80 
   43 000000000204 00000000ac1a04 0003d 00040 00040 00100 00000 02d00 0012d 00 01 00 00 00 2d 2d 01 3d 40 40 80 
   44 000000000210 00000000ac1a10 0003d 00040 00041 00100 00000 04000 00100 00 01 00 00 00 40 00 01 3d 40 41 80 
   45 00000000021c 00000000ac1a1c 0003d 00040 00042 00100 00000 04000 00100 00 01 00 00 00 40 00 01 3d 40 42 80 
   46 000000000228 00000000ac1a28 0003d 00040 00043 00100 00000 04000 00100 00 01 00 00 00 40 00 01 3d 40 43 80 
   47 000000000234 00000000ac1a34 0003d 00040 00044 00100 00000 04000 00100 00 01 00 00 00 40 00 01 3d 40 44 80 
   48 000000000240 00000000ac1a40 0003d 00040 00045 00100 00000 04000 00100 00 01 00 00 00 40 00 01 3d 40 45 80 
   49 00000000024c 00000000ac1a4c 0003d 00040 00046 00100 00000 02d00 001d3 00 01 00 00 00 2d d3 01 3d 40 46 80 
   50 000000000258 00000000ac1a58 0003d 00040 00047 00101 00200 00000 00181 01 01 00 02 00 00 81 01 3d 40 47 80 
   51 000000000264 00000000ac1a64 0003d 00040 0003f 00101 00000 00000 0017f 01 01 00 00 00 00 7f 01 3d 40 3f 80 
   52 000000000270 00000000ac1a70 0003e 00040 00040 00100 00000 00000 00140 00 01 00 00 00 00 40 01 3e 40 40 80 
   53 00000000027c 00000000ac1a7c 0003e 00040 00041 00100 00000 00000 00100 00 01 00 00 00 00 00 01 3e 40 41 80 
   54 000000000288 00000000ac1a88 0003e 00040 00042 00100 00000 00000 00100 00 01 00 00 00 00 00 01 3e 40 42 80 
   55 000000000294 00000000ac1a94 0003e 00040 00043 00100 00000 00000 00100 00 01 00 00 00 00 00 01 3e 40 43 80 
   56 0000000002a0 00000000ac1aa0 0003e 00040 00044 00100 00000 00000 00100 00 01 00 00 00 00 00 01 3e 40 44 80 
   57 0000000002ac 00000000ac1aac 0003e 00040 00045 00100 00000 00000 00100 00 01 00 00 00 00 00 01 3e 40 45 80 
   58 0000000002b8 00000000ac1ab8 0003e 00040 00046 00100 00000 00000 001c0 00 01 00 00 00 00 c0 01 3e 40 46 80 
   59 0000000002c4 00000000ac1ac4 0003e 00040 00047 00101 00200 00000 00181 01 01 00 02 00 00 81 01 3e 40 47 80 
   60 0000000002d0 00000000ac1ad0 0003e 00040 0003f 00101 00000 00000 0017f 01 01 00 00 00 00 7f 01 3e 40 3f 80 
   61 0000000002dc 00000000ac1adc 0003f 00040 00040 00100 00000 00000 00140 00 01 00 00 00 00 40 01 3f 40 40 80 
   62 0000000002e8 00000000ac1ae8 0003f 00040 00041 00100 00000 00000 00100 00 01 00 00 00 00 00 01 3f 40 41 80 
   63 0000000002f4 00000000ac1af4 0003f 00040 00042 00100 00000 00000 00100 00 01 00 00 00 00 00 01 3f 40 42 80 
   64 000000000300 00000000ac1b00 0003f 00040 00043 00100 00000 00000 00100 00 01 00 00 00 00 00 01 3f 40 43 80 
   65 00000000030c 00000000ac1b0c 0003f 00040 00044 00100 00000 00000 00100 00 01 00 00 00 00 00 01 3f 40 44 80 
   66 000000000318 00000000ac1b18 0003f 00040 00045 00100 00000 00000 00100 00 01 00 00 00 00 00 01 3f 40 45 80 
   67 000000000324 00000000ac1b24 0003f 00040 00046 00100 00000 01c00 001c7 00 01 00 00 00 1c c7 01 3f 40 46 80 
   68 000000000330 00000000ac1b30 0003f 00040 00047 00101 00200 00000 00181 01 01 00 02 00 00 81 01 3f 40 47 80 
   69 00000000033c 00000000ac1b3c 0003f 00040 0003f 00101 00000 00000 0017f 01 01 00 00 00 00 7f 01 3f 40 3f 80 
   70 000000000348 00000000ac1b48 0003c 00040 00040 00101 00300 07f00 00100 01 01 00 03 00 7f 00 01 3c 40 40 80 
   71 000000000354 00000000ac1b54 0003c 00040 00041 00101 00300 07f00 00100 01 01 00 03 00 7f 00 01 3c 40 41 80 
   72 000000000360 00000000ac1b60 0003c 00040 00042 00101 00300 07f00 00100 01 01 00 03 00 7f 00 01 3c 40 42 80 
   73 00000000036c 00000000ac1b6c 0003c 00040 00043 00102 00200 07f00 00100 02 01 00 02 00 7f 00 01 3c 40 43 80 
   74 000000000378 00000000ac1b78 0003c 00040 00044 00101 00300 07f00 00100 01 01 00 03 00 7f 00 01 3c 40 44 80 
   75 000000000384 00000000ac1b84 0003c 00040 00045 00101 00300 07f00 00100 01 01 00 03 00 7f 00 01 3c 40 45 80 
   76 000000000390 00000000ac1b90 0003c 00040 00046 00101 00300 07f00 00100 01 01 00 03 00 7f 00 01 3c 40 46 80 
   77 00000000039c 00000000ac1b9c 0003c 00040 00047 00103 00200 07800 001d8 03 01 00 02 00 78 d8 01 3c 40 47 80 
   78 0000000003a8 00000000ac1ba8 0003c 00040 0003f 00103 00300 05900 00159 03 01 00 03 00 59 59 01 3c 40 3f 80 
   79 0000000003b4 00000000ac1bb4 00040 00040 0003f 00102 00300 00000 0017f 02 01 00 03 00 00 7f 01 40 40 3f 80 
   80 0000000003c0 00000000ac1bc0 00040 00040 00047 00102 00100 00000 001c0 02 01 00 01 00 00 c0 01 40 40 47 80 
   81 0000000003cc 00000000ac1bcc 00040 00040 0003e 0ff04 00000 00000 00100 04 ff 00 00 00 00 00 01 40 40 3e 80 
   82 0000000003d8 00000000ac1bd8 00040 00040 0003d 0ff05 00000 00000 00100 05 ff 00 00 00 00 00 01 40 40 3d 80 
   83 0000000003e4 00000000ac1be4 00040 00040 0003c 0ff05 00000 00000 00100 05 ff 00 00 00 00 00 01 40 40 3c 80 
   84 0000000003f0 00000000ac1bf0 00040 00040 0003b 0ff05 00000 00000 00100 05 ff 00 00 00 00 00 01 40 40 3b 80 
   85 0000000003fc 00000000ac1bfc 00040 00040 0003a 0ff05 00000 00000 00100 05 ff 00 00 00 00 00 01 40 40 3a 80 
   86 000000000408 00000000ac1c08 00040 00040 00039 0ff04 00200 00000 0ff00 04 ff 00 02 00 00 00 ff 40 40 39 80 
   87 000000000414 00000000ac1c14 00040 00040 00048 00204 00200 00000 00100 04 02 00 02 00 00 00 01 40 40 48 80 
   88 000000000420 00000000ac1c20 00045 00040 00043 0ff04 00100 00000 00100 04 ff 00 01 00 00 00 01 45 40 43 80 
   89 00000000042c 00000000ac1c2c 00046 00040 00043 0ff05 00100 00000 00100 05 ff 00 01 00 00 00 01 46 40 43 80 
   90 000000000438 00000000ac1c38 00047 00040 00043 0ff05 00100 00000 00100 05 ff 00 01 00 00 00 01 47 40 43 80 
   91 000000000444 00000000ac1c44 00048 00040 00043 0ff05 00100 00000 00100 05 ff 00 01 00 00 00 01 48 40 43 80 
   92 000000000450 00000000ac1c50 00049 00040 00043 0ff05 00100 00000 0ff00 05 ff 00 01 00 00 00 ff 49 40 43 80 
   93 00000000045c 00000000ac1c5c 0004a 00040 00043 0ff05 00100 00000 00200 05 ff 00 01 00 00 00 02 4a 40 43 80 
   94 000000000468 00000000ac1c68 0004b 00040 00043 0ff05 00100 00000 00200 05 ff 00 01 00 00 00 02 4b 40 43 80 
   95 000000000474 00000000ac1c74 0004c 00040 00043 0ff04 00300 00000 00200 04 ff 00 03 00 00 00 02 4c 40 43 80 
   96 000000000480 00000000ac1c80 00051 00040 00041 00400 00000 00000 00200 00 04 00 00 00 00 00 02 51 40 41 80 
   97 00000000048c 00000000ac1c8c 00051 00040 00042 00400 00000 00000 00200 00 04 00 00 00 00 00 02 51 40 42 80 
   98 000000000498 00000000ac1c98 00051 00040 00043 00400 00000 00000 00200 00 04 00 00 00 00 00 02 51 40 43 80 
   99 0000000004a4 00000000ac1ca4 00051 00040 00044 00400 00000 00000 00200 00 04 00 00 00 00 00 02 51 40 44 80 
  100 0000000004b0 00000000ac1cb0 00051 00040 00045 00400 00000 00000 00200 00 04 00 00 00 00 00 02 51 40 45 80 
  101 0000000004bc 00000000ac1cbc 00052 00040 00041 00400 00000 00000 00200 00 04 00 00 00 00 00 02 52 40 41 80 
  102 0000000004c8 00000000ac1cc8 00052 00040 00042 00400 00000 00000 00200 00 04 00 00 00 00 00 02 52 40 42 80 
  103 0000000004d4 00000000ac1cd4 00052 00040 00043 00400 00000 00000 00200 00 04 00 00 00 00 00 02 52 40 43 80 
  104 0000000004e0 00000000ac1ce0 00052 00040 00044 00400 00000 00000 00200 00 04 00 00 00 00 00 02 52 40 44 80 
  105 0000000004ec 00000000ac1cec 00052 00040 00045 00400 00000 00000 00200 00 04 00 00 00 00 00 02 52 40 45 80 
  106 0000000004f8 00000000ac1cf8 00052 00040 00047 00401 00200 00000 00281 01 04 00 02 00 00 81 02 52 40 47 80 
  107 000000000504 00000000ac1d04 00052 00040 0003f 00401 00000 00000 0027f 01 04 00 00 00 00 7f 02 52 40 3f 80 
  108 000000000510 00000000ac1d10 00053 00040 00041 00400 00000 00000 00200 00 04 00 00 00 00 00 02 53 40 41 80 
  109 00000000051c 00000000ac1d1c 00053 00040 00042 00400 00000 00000 00200 00 04 00 00 00 00 00 02 53 40 42 80 
  110 000000000528 00000000ac1d28 00053 00040 00043 00400 00000 00000 00200 00 04 00 00 00 00 00 02 53 40 43 80 
  111 000000000534 00000000ac1d34 00053 00040 00044 00400 00000 00000 00200 00 04 00 00 00 00 00 02 53 40 44 80 
  112 000000000540 00000000ac1d40 00053 00040 00045 00400 00000 00000 00200 00 04 00 00 00 00 00 02 53 40 45 80 
  113 00000000054c 00000000ac1d4c 00053 00040 00047 00401 00200 00000 00281 01 04 00 02 00 00 81 02 53 40 47 80 
  114 000000000558 00000000ac1d58 00053 00040 0003f 00401 00000 00000 0027f 01 04 00 00 00 00 7f 02 53 40 3f 80 
  115 000000000564 00000000ac1d64 0004e 00040 00041 00400 00000 04000 00200 00 04 00 00 00 40 00 02 4e 40 41 80 
  116 000000000570 00000000ac1d70 00055 00040 00041 00401 00100 08100 00200 01 04 00 01 00 81 00 02 55 40 41 80 
  117 00000000057c 00000000ac1d7c 00055 00040 00042 00401 00100 08100 00200 01 04 00 01 00 81 00 02 55 40 42 80 
  118 000000000588 00000000ac1d88 00055 00040 00043 00401 00100 08100 00200 01 04 00 01 00 81 00 02 55 40 43 80 
  119 000000000594 00000000ac1d94 00055 00040 00044 00401 00100 08100 00200 01 04 00 01 00 81 00 02 55 40 44 80 
  120 0000000005a0 00000000ac1da0 00055 00040 00045 00401 00100 08100 00200 01 04 00 01 00 81 00 02 55 40 45 80 
  121 0000000005ac 00000000ac1dac 00055 00040 00047 00403 00100 0a700 002a7 03 04 00 01 00 a7 a7 02 55 40 47 80 
  122 0000000005b8 00000000ac1db8 00055 00040 0003f 00403 00000 0a700 00259 03 04 00 00 00 a7 59 02 55 40 3f 80 
  123 0000000005c4 00000000ac1dc4 0004f 00040 00041 00400 00000 00000 00200 00 04 00 00 00 00 00 02 4f 40 41 80 
  124 0000000005d0 00000000ac1dd0 0004f 00040 00042 00400 00000 00000 00200 00 04 00 00 00 00 00 02 4f 40 42 80 
  125 0000000005dc 00000000ac1ddc 0004f 00040 00043 00400 00000 00000 00200 00 04 00 00 00 00 00 02 4f 40 43 80 
  126 0000000005e8 00000000ac1de8 0004f 00040 00044 00400 00000 00000 00200 00 04 00 00 00 00 00 02 4f 40 44 80 
  127 0000000005f4 00000000ac1df4 0004f 00040 00045 00400 00000 00000 00200 00 04 00 00 00 00 00 02 4f 40 45 80 
  128 000000000600 00000000ac1e00 0004f 00040 00047 00401 00200 00000 00281 01 04 00 02 00 00 81 02 4f 40 47 80 
  129 00000000060c 00000000ac1e0c 0004f 00040 0003f 00401 00000 00000 0027f 01 04 00 00 00 00 7f 02 4f 40 3f 80 
  130 000000000618 00000000ac1e18 00050 00040 00041 00400 00000 00000 00200 00 04 00 00 00 00 00 02 50 40 41 80 
  131 000000000624 00000000ac1e24 00050 00040 00042 00400 00000 00000 00200 00 04 00 00 00 00 00 02 50 40 42 80 
  132 000000000630 00000000ac1e30 00050 00040 00043 00400 00000 00000 00200 00 04 00 00 00 00 00 02 50 40 43 80 
  133 00000000063c 00000000ac1e3c 00050 00040 00044 00400 00000 00000 00200 00 04 00 00 00 00 00 02 50 40 44 80 
  134 000000000648 00000000ac1e48 00050 00040 00045 00400 00000 00000 00200 00 04 00 00 00 00 00 02 50 40 45 80 
  135 000000000654 00000000ac1e54 00050 00040 00047 00401 00200 00000 00281 01 04 00 02 00 00 81 02 50 40 47 80 
  136 000000000660 00000000ac1e60 00050 00040 0003f 00401 00000 00000 0027f 01 04 00 00 00 00 7f 02 50 40 3f 80 
  137 00000000066c 00000000ac1e6c 0004d 00040 00041 00401 00300 07f00 00200 01 04 00 03 00 7f 00 02 4d 40 41 80 
  138 000000000678 00000000ac1e78 0004d 00040 00042 00401 00300 07f00 00200 01 04 00 03 00 7f 00 02 4d 40 42 80 
  139 000000000684 00000000ac1e84 0004d 00040 00043 00402 00200 07f00 00200 02 04 00 02 00 7f 00 02 4d 40 43 80 
  140 000000000690 00000000ac1e90 0004d 00040 00044 00401 00300 07f00 00200 01 04 00 03 00 7f 00 02 4d 40 44 80 
  141 00000000069c 00000000ac1e9c 0004d 00040 00045 00401 00300 07f00 00200 01 04 00 03 00 7f 00 02 4d 40 45 80 
  142 0000000006a8 00000000ac1ea8 0004d 00040 00047 00403 00200 05900 002a7 03 04 00 02 00 59 a7 02 4d 40 47 80 
  143 0000000006b4 00000000ac1eb4 0004d 00040 0003f 00403 00300 05900 00259 03 04 00 03 00 59 59 02 4d 40 3f 80 
  144 0000000006c0 00000000ac1ec0 00051 00040 0003f 00401 00000 00000 0027f 01 04 00 00 00 00 7f 02 51 40 3f 80 
  145 0000000006cc 00000000ac1ecc 00051 00040 00047 00402 00100 00000 00281 02 04 00 01 00 00 81 02 51 40 47 80 
  146 0000000006d8 00000000ac1ed8 00051 00040 00048 00406 00000 00000 00240 06 04 00 00 00 00 40 02 51 40 48 80 
  147 0000000006e4 00000000ac1ee4 00051 00040 00049 00407 00000 00000 00200 07 04 00 00 00 00 00 02 51 40 49 78 
  148 0000000006f0 00000000ac1ef0 00051 00040 0004a 00407 00000 00000 00200 07 04 00 00 00 00 00 02 51 40 4a 70 
  149 0000000006fc 00000000ac1efc 00051 0003f 0004b 00407 00000 00000 00200 07 04 00 00 00 00 00 02 51 3f 4b 88 
  150 000000000708 00000000ac1f08 00051 0003f 0004c 00407 00000 00000 0ff00 07 04 00 00 00 00 00 ff 51 3f 4c 80 
  151 000000000714 00000000ac1f14 00051 0003f 0004d 0ff07 00000 00000 00300 07 ff 00 00 00 00 00 03 51 3f 4d 78 
  152 000000000720 00000000ac1f20 00051 0003f 0004e 0ff07 00000 00000 00300 07 ff 00 00 00 00 00 03 51 3f 4e 70 
  153 00000000072c 00000000ac1f2c 00051 0003e 0004f 0ff08 00000 00000 00300 08 ff 00 00 00 00 00 03 51 3e 4f 8a 
  154 000000000738 00000000ac1f38 00051 0003e 00050 0ff09 00300 00000 00300 09 ff 00 03 00 00 00 03 51 3e 50 82 
  155 000000000744 00000000ac1f44 00051 0003e 00051 0050a 00200 00000 00300 0a 05 00 02 00 00 00 03 51 3e 51 82 
  156 000000000750 00000000ac1f50 00051 0003e 00052 0050a 00200 00000 00300 0a 05 00 02 00 00 00 03 51 3e 52 82 
  157 00000000075c 00000000ac1f5c 00051 0003e 00053 0050a 00200 00000 00300 0a 05 00 02 00 00 00 03 51 3e 53 82 
  158 000000000768 00000000ac1f68 00051 0003e 00054 0050a 00200 00000 00300 0a 05 00 02 00 00 00 03 51 3e 54 82 
  159 000000000774 00000000ac1f74 00051 0003e 00055 0050b 00100 00000 00300 0b 05 00 01 00 00 00 03 51 3e 55 82 
  160 000000000780 00000000ac1f80 00051 0003e 00056 0050b 00100 00000 00300 0b 05 00 01 00 00 00 03 51 3e 56 82 
  161 00000000078c 00000000ac1f8c 00051 0003e 00057 0050b 00100 00000 00300 0b 05 00 01 00 00 00 03 51 3e 57 82 
  162 000000000798 00000000ac1f98 00051 0003e 00058 0ff0c 00200 00000 00300 0c ff 00 02 00 00 00 03 51 3e 58 82 
  163 0000000007a4 00000000ac1fa4 00052 0003e 00051 0050a 00200 00000 00300 0a 05 00 02 00 00 00 03 52 3e 51 82 
  164 0000000007b0 00000000ac1fb0 00052 0003e 00052 0050a 00200 00000 00300 0a 05 00 02 00 00 00 03 52 3e 52 82 
  165 0000000007bc 00000000ac1fbc 00052 0003e 00053 0050a 00200 00000 00300 0a 05 00 02 00 00 00 03 52 3e 53 82 
  166 0000000007c8 00000000ac1fc8 00052 0003e 00054 0050a 00200 00000 00300 0a 05 00 02 00 00 00 03 52 3e 54 82 
  167 0000000007d4 00000000ac1fd4 00052 0003e 00055 0050b 00100 00000 00300 0b 05 00 01 00 00 00 03 52 3e 55 82 
  168 0000000007e0 00000000ac1fe0 00052 0003e 00056 0050b 00100 00000 00300 0b 05 00 01 00 00 00 03 52 3e 56 82 
  169 0000000007ec 00000000ac1fec 00052 0003e 00057 0050b 00100 00000 00300 0b 05 00 01 00 00 00 03 52 3e 57 82 
  170 0000000007f8 00000000ac1ff8 00052 0003e 00058 0ff0c 00200 00000 00300 0c ff 00 02 00 00 00 03 52 3e 58 82 
  171 000000000804 00000000ac2004 00053 0003e 00051 0050a 00200 00000 00300 0a 05 00 02 00 00 00 03 53 3e 51 82 
  172 000000000810 00000000ac2010 00053 0003e 00052 0050a 00200 00000 00300 0a 05 00 02 00 00 00 03 53 3e 52 82 
  173 00000000081c 00000000ac201c 00053 0003e 00053 0050a 00200 00000 00300 0a 05 00 02 00 00 00 03 53 3e 53 82 
  174 000000000828 00000000ac2028 00053 0003e 00054 0050a 00200 00000 00300 0a 05 00 02 00 00 00 03 53 3e 54 82 
  175 000000000834 00000000ac2034 00053 0003e 00055 0050b 00100 00000 00300 0b 05 00 01 00 00 00 03 53 3e 55 82 
  176 000000000840 00000000ac2040 00053 0003e 00056 0050b 00100 00000 00300 0b 05 00 01 00 00 00 03 53 3e 56 82 
  177 00000000084c 00000000ac204c 00053 0003e 00057 0050b 00100 00000 00300 0b 05 00 01 00 00 00 03 53 3e 57 82 
  178 000000000858 00000000ac2058 00053 0003e 00058 0ff0c 00200 00000 00300 0c ff 00 02 00 00 00 03 53 3e 58 82 
  179 000000000864 00000000ac2064 00054 0003e 00051 0050a 00200 00000 00300 0a 05 00 02 00 00 00 03 54 3e 51 82 
  180 000000000870 00000000ac2070 00054 0003e 00052 0050a 00200 00000 00300 0a 05 00 02 00 00 00 03 54 3e 52 82 
  181 00000000087c 00000000ac207c 00054 0003e 00053 0050a 00200 00000 00300 0a 05 00 02 00 00 00 03 54 3e 53 82 
  182 000000000888 00000000ac2088 00054 0003e 00054 0050a 00200 00000 00300 0a 05 00 02 00 00 00 03 54 3e 54 82 
  183 000000000894 00000000ac2094 00054 0003e 00055 0050b 00100 00000 00300 0b 05 00 01 00 00 00 03 54 3e 55 82 
  184 0000000008a0 00000000ac20a0 00054 0003e 00056 0050b 00100 00000 00300 0b 05 00 01 00 00 00 03 54 3e 56 82 
  185 0000000008ac 00000000ac20ac 00054 0003e 00057 0050b 00100 00000 00300 0b 05 00 01 00 00 00 03 54 3e 57 82 
  186 0000000008b8 00000000ac20b8 00054 0003e 00058 0ff0c 00200 00000 00300 0c ff 00 02 00 00 00 03 54 3e 58 82 
  187 0000000008c4 00000000ac20c4 00055 0003e 00058 0ff0d 00100 00000 00300 0d ff 00 01 00 00 00 03 55 3e 58 82 
  188 0000000008d0 00000000ac20d0 00055 0003e 00057 0ff0e 00100 00000 00300 0e ff 00 01 00 00 00 03 55 3e 57 82 
  189 0000000008dc 00000000ac20dc 00055 0003e 00056 0ff0e 00100 00000 00300 0e ff 00 01 00 00 00 03 55 3e 56 82 
  190 0000000008e8 00000000ac20e8 00055 0003e 00055 0ff0e 00100 00000 00300 0e ff 00 01 00 00 00 03 55 3e 55 82 
  191 0000000008f4 00000000ac20f4 00055 0003e 00054 0ff0e 00100 00000 00300 0e ff 00 01 00 00 00 03 55 3e 54 82 
  192 000000000900 00000000ac2100 00055 0003e 00053 0ff0e 00100 00000 00300 0e ff 00 01 00 00 00 03 55 3e 53 82 
  193 00000000090c 00000000ac210c 00055 0003e 00052 0ff0e 00100 00000 00300 0e ff 00 01 00 00 00 03 55 3e 52 82 
  194 000000000918 00000000ac2118 00055 0003e 00051 0ff0e 00100 00000 00300 0e ff 00 01 00 00 00 03 55 3e 51 82 
  195 000000000924 00000000ac2124 00055 0003e 00050 0ff0f 00000 00000 00300 0f ff 00 00 00 00 00 03 55 3e 50 82 
  196 000000000930 00000000ac2130 00054 0003e 00050 0ff0c 00000 00000 00300 0c ff 00 00 00 00 00 03 54 3e 50 82 
  197 00000000093c 00000000ac213c 00053 0003e 00050 0ff0c 00000 00000 00300 0c ff 00 00 00 00 00 03 53 3e 50 82 
  198 000000000948 00000000ac2148 00052 0003e 00050 0ff0c 00000 00000 00300 0c ff 00 00 00 00 00 03 52 3e 50 82 
  199 000000000954 00000000ac2154 0004e 0003e 00051 0050a 00200 00000 00300 0a 05 00 02 00 00 00 03 4e 3e 51 82 
  200 000000000960 00000000ac2160 0004e 0003e 00052 0050a 00200 00000 00300 0a 05 00 02 00 00 00 03 4e 3e 52 82 
  201 00000000096c 00000000ac216c 0004e 0003e 00053 0050a 00200 00000 00300 0a 05 00 02 00 00 00 03 4e 3e 53 82 
  202 000000000978 00000000ac2178 0004e 0003e 00054 0050a 00200 00000 00300 0a 05 00 02 00 00 00 03 4e 3e 54 82 
  203 000000000984 00000000ac2184 0004e 0003e 00055 0050b 00100 00000 00300 0b 05 00 01 00 00 00 03 4e 3e 55 82 
  204 000000000990 00000000ac2190 0004e 0003e 00056 0050b 00100 00000 00300 0b 05 00 01 00 00 00 03 4e 3e 56 82 
  205 00000000099c 00000000ac219c 0004e 0003e 00057 0050b 00100 00000 00300 0b 05 00 01 00 00 00 03 4e 3e 57 82 
  206 0000000009a8 00000000ac21a8 0004e 0003e 00058 0ff0c 00200 00000 00300 0c ff 00 02 00 00 00 03 4e 3e 58 82 
  207 0000000009b4 00000000ac21b4 0004f 0003e 00051 0050a 00200 00000 00300 0a 05 00 02 00 00 00 03 4f 3e 51 82 
  208 0000000009c0 00000000ac21c0 0004f 0003e 00052 0050a 00200 00000 00300 0a 05 00 02 00 00 00 03 4f 3e 52 82 
  209 0000000009cc 00000000ac21cc 0004f 0003e 00053 0050a 00200 00000 00300 0a 05 00 02 00 00 00 03 4f 3e 53 82 
  210 0000000009d8 00000000ac21d8 0004f 0003e 00054 0050a 00200 00000 00300 0a 05 00 02 00 00 00 03 4f 3e 54 82 
  211 0000000009e4 00000000ac21e4 0004f 0003e 00055 0050b 00100 00000 00300 0b 05 00 01 00 00 00 03 4f 3e 55 82 
  212 0000000009f0 00000000ac21f0 0004f 0003e 00056 0050b 00100 00000 00300 0b 05 00 01 00 00 00 03 4f 3e 56 82 
  213 0000000009fc 00000000ac21fc 0004f 0003e 00057 0050b 00100 00000 00300 0b 05 00 01 00 00 00 03 4f 3e 57 82 
  214 000000000a08 00000000ac2208 0004f 0003e 00058 0ff0c 00200 00000 00300 0c ff 00 02 00 00 00 03 4f 3e 58 82 
  215 000000000a14 00000000ac2214 00050 0003e 00051 0050a 00200 00000 00300 0a 05 00 02 00 00 00 03 50 3e 51 82 
  216 000000000a20 00000000ac2220 00050 0003e 00052 0050a 00200 00000 00300 0a 05 00 02 00 00 00 03 50 3e 52 82 
  217 000000000a2c 00000000ac222c 00050 0003e 00053 0050a 00200 00000 00300 0a 05 00 02 00 00 00 03 50 3e 53 82 
  218 000000000a38 00000000ac2238 00050 0003e 00054 0050a 00200 00000 00300 0a 05 00 02 00 00 00 03 50 3e 54 82 
  219 000000000a44 00000000ac2244 00050 0003e 00055 0050b 00100 00000 00300 0b 05 00 01 00 00 00 03 50 3e 55 82 
  220 000000000a50 00000000ac2250 00050 0003e 00056 0050b 00100 00000 00300 0b 05 00 01 00 00 00 03 50 3e 56 82 
  221 000000000a5c 00000000ac225c 00050 0003e 00057 0050b 00100 00000 00300 0b 05 00 01 00 00 00 03 50 3e 57 82 
  222 000000000a68 00000000ac2268 00050 0003e 00058 0ff0c 00200 00000 00300 0c ff 00 02 00 00 00 03 50 3e 58 82 
  223 000000000a74 00000000ac2274 00050 0003e 00050 0ff0c 00000 00000 00300 0c ff 00 00 00 00 00 03 50 3e 50 82 
  224 000000000a80 00000000ac2280 0004f 0003e 00050 0ff0c 00000 00000 00300 0c ff 00 00 00 00 00 03 4f 3e 50 82 
  225 000000000a8c 00000000ac228c 0004e 0003e 00050 0ff0c 00000 00000 00300 0c ff 00 00 00 00 00 03 4e 3e 50 82 
  226 000000000a98 00000000ac2298 0004d 0003e 00058 0ff0f 00200 00000 00300 0f ff 00 02 00 00 00 03 4d 3e 58 82 
  227 000000000aa4 00000000ac22a4 0004d 0003e 00057 0ff0e 00300 00000 00300 0e ff 00 03 00 00 00 03 4d 3e 57 82 
  228 000000000ab0 00000000ac22b0 0004d 0003e 00056 0ff0e 00300 00000 00300 0e ff 00 03 00 00 00 03 4d 3e 56 82 
  229 000000000abc 00000000ac22bc 0004d 0003e 00055 0ff0e 00300 00000 00300 0e ff 00 03 00 00 00 03 4d 3e 55 82 
  230 000000000ac8 00000000ac22c8 0004d 0003e 00054 0ff0e 00300 00000 00300 0e ff 00 03 00 00 00 03 4d 3e 54 82 
  231 000000000ad4 00000000ac22d4 0004d 0003e 00053 0ff0e 00300 00000 00300 0e ff 00 03 00 00 00 03 4d 3e 53 82 
  232 000000000ae0 00000000ac22e0 0004d 0003e 00052 0ff0e 00300 00000 00300 0e ff 00 03 00 00 00 03 4d 3e 52 82 
  233 000000000aec 00000000ac22ec 0004d 0003e 00051 0ff0e 00300 00000 00300 0e ff 00 03 00 00 00 03 4d 3e 51 82 
  234 000000000af8 00000000ac22f8 0004d 0003e 00050 0ff0d 00300 00000 00300 0d ff 00 03 00 00 00 03 4d 3e 50 82 
  235 000000000b04 00000000ac2304 00040 00040 00049 00205 00000 00000 00100 05 02 00 00 00 00 00 01 40 40 49 80 
  236 000000000b10 00000000ac2310 00040 00040 0004a 00205 00000 00000 00100 05 02 00 00 00 00 00 01 40 40 4a 80 
  237 000000000b1c 00000000ac231c 00040 00040 0004b 00205 00000 00000 00100 05 02 00 00 00 00 00 01 40 40 4b 80 
  238 000000000b28 00000000ac2328 00040 00040 0004c 00205 00000 00000 00100 05 02 00 00 00 00 00 01 40 40 4c 80 
  239 000000000b34 00000000ac2334 00040 00040 0004d 00205 00000 00000 00100 05 02 00 00 00 00 00 01 40 40 4d 80 
  240 000000000b40 00000000ac2340 00040 00040 0004e 00205 00000 00000 00100 05 02 00 00 00 00 00 01 40 40 4e 80 
  241 000000000b4c 00000000ac234c 00040 00040 0004f 00204 00000 00000 001c0 04 02 00 00 00 00 c0 01 40 40 4f 80 
  242 000000000b58 00000000ac2358 00040 0003d 00038 0ff10 00000 00001 0ff00 10 ff 00 00 01 00 00 ff 40 3d 38 80 
  243 000000000b64 00000000ac2364 00040 00040 00052 00300 00000 00000 00100 00 03 00 00 00 00 00 01 40 40 52 80 
  244 000000000b70 00000000ac2370 00040 00040 00053 00300 00000 00000 00100 00 03 00 00 00 00 00 01 40 40 53 80 
  245 000000000b7c 00000000ac237c 00040 00040 00054 00300 00000 00000 00100 00 03 00 00 00 00 00 01 40 40 54 80 
  246 000000000b88 00000000ac2388 00040 00040 00055 00300 00000 00000 00100 00 03 00 00 00 00 00 01 40 40 55 80 
  247 000000000b94 00000000ac2394 00040 00040 00056 00300 00000 00000 00100 00 03 00 00 00 00 00 01 40 40 56 80 
  248 000000000ba0 00000000ac23a0 0003e 0003d 00038 0ff10 00000 00001 0ff00 10 ff 00 00 01 00 00 ff 3e 3d 38 80 
  249 000000000bac 00000000ac23ac 0003d 00040 00052 00300 00000 04000 00100 00 03 00 00 00 40 00 01 3d 40 52 80 
  250 000000000bb8 00000000ac23b8 00041 00040 00052 00300 00000 00000 00100 00 03 00 00 00 00 00 01 41 40 52 80 
  251 000000000bc4 00000000ac23c4 00041 00040 00053 00300 00000 00000 00100 00 03 00 00 00 00 00 01 41 40 53 80 
  252 000000000bd0 00000000ac23d0 00041 00040 00054 00300 00000 00000 00100 00 03 00 00 00 00 00 01 41 40 54 80 
  253 000000000bdc 00000000ac23dc 00041 00040 00055 00300 00000 00000 00100 00 03 00 00 00 00 00 01 41 40 55 80 
  254 000000000be8 00000000ac23e8 00041 00040 00056 00300 00000 00000 00100 00 03 00 00 00 00 00 01 41 40 56 80 
  255 000000000bf4 00000000ac23f4 00031 00040 00046 00000 00000 00000 000c0 00 00 00 00 00 00 c0 00 31 40 46 80 
  256 000000000c00 00000000ac2400 00041 00040 00058 00301 00200 00000 00181 01 03 00 02 00 00 81 01 41 40 58 80 
  257 000000000c0c 00000000ac240c 00041 00040 00050 00301 00000 00000 0017f 01 03 00 00 00 00 7f 01 41 40 50 80 
  258 000000000c18 00000000ac2418 00032 00040 00046 00000 00000 0d300 000d3 00 00 00 00 00 d3 d3 00 32 40 46 80 
  259 000000000c24 00000000ac2424 00042 00040 00052 00300 00000 00000 00100 00 03 00 00 00 00 00 01 42 40 52 80 
  260 000000000c30 00000000ac2430 00042 00040 00053 00300 00000 00000 00100 00 03 00 00 00 00 00 01 42 40 53 80 
  261 000000000c3c 00000000ac243c 00042 00040 00054 00300 00000 00000 00100 00 03 00 00 00 00 00 01 42 40 54 80 
  262 000000000c48 00000000ac2448 00042 00040 00055 00300 00000 00000 00100 00 03 00 00 00 00 00 01 42 40 55 80 
  263 000000000c54 00000000ac2454 00042 00040 00056 00300 00000 00000 00100 00 03 00 00 00 00 00 01 42 40 56 80 
  264 000000000c60 00000000ac2460 0003d 00040 00053 00300 00000 04000 00100 00 03 00 00 00 40 00 01 3d 40 53 80 
  265 000000000c6c 00000000ac246c 00042 00040 00058 00301 00200 00000 00181 01 03 00 02 00 00 81 01 42 40 58 80 
  266 000000000c78 00000000ac2478 00042 00040 00050 00301 00000 00000 0017f 01 03 00 00 00 00 7f 01 42 40 50 80 
  267 000000000c84 00000000ac2484 0003e 00042 00038 0ff11 00000 00000 0ff00 11 ff 00 00 00 00 00 ff 3e 42 38 80 
  268 000000000c90 00000000ac2490 0003d 00040 00054 00300 00000 04000 00100 00 03 00 00 00 40 00 01 3d 40 54 80 
  269 000000000c9c 00000000ac249c 0003d 00040 00055 00300 00000 04000 00100 00 03 00 00 00 40 00 01 3d 40 55 80 
  270 000000000ca8 00000000ac24a8 0003e 00041 00038 0ff11 00000 00000 0ff00 11 ff 00 00 00 00 00 ff 3e 41 38 80 
  271 000000000cb4 00000000ac24b4 0003c 0003c 00038 0ff10 00000 00001 0ff00 10 ff 00 00 01 00 00 ff 3c 3c 38 80 
  272 000000000cc0 00000000ac24c0 00042 0003d 00038 0ff10 00000 00001 0ff00 10 ff 00 00 01 00 00 ff 42 3d 38 80 
  273 000000000ccc 00000000ac24cc 0003d 00040 00056 00300 00000 04000 00100 00 03 00 00 00 40 00 01 3d 40 56 80 
  274 000000000cd8 00000000ac24d8 00033 00040 00046 00001 00100 08100 00000 01 00 00 01 00 81 00 00 33 40 46 80 
  275 000000000ce4 00000000ac24e4 0002b 00040 00046 00001 00300 07f00 00000 01 00 00 03 00 7f 00 00 2b 40 46 80 
  276 000000000cf0 00000000ac24f0 0003d 00040 00058 00301 00200 00000 00181 01 03 00 02 00 00 81 01 3d 40 58 80 
  277 000000000cfc 00000000ac24fc 00044 00040 00052 00301 00100 08100 00100 01 03 00 01 00 81 00 01 44 40 52 80 
  278 000000000d08 00000000ac2508 00044 00040 00053 00301 00100 08100 00100 01 03 00 01 00 81 00 01 44 40 53 80 
  279 000000000d14 00000000ac2514 00044 00040 00054 00301 00100 08100 00100 01 03 00 01 00 81 00 01 44 40 54 80 
  280 000000000d20 00000000ac2520 00044 00040 00055 00301 00100 08100 00100 01 03 00 01 00 81 00 01 44 40 55 80 
  281 000000000d2c 00000000ac252c 00044 00040 00056 00301 00100 08100 00100 01 03 00 01 00 81 00 01 44 40 56 80 
  282 000000000d38 00000000ac2538 0003d 00040 00050 00301 00000 00000 0017f 01 03 00 00 00 00 7f 01 3d 40 50 80 
  283 000000000d44 00000000ac2544 00044 00040 00058 00303 00100 0a700 001a7 03 03 00 01 00 a7 a7 01 44 40 58 80 
  284 000000000d50 00000000ac2550 00044 00040 00050 00303 00000 08800 00128 03 03 00 00 00 88 28 01 44 40 50 80 
  285 000000000d5c 00000000ac255c 00042 00042 00038 0ff11 00000 00000 0ff00 11 ff 00 00 00 00 00 ff 42 42 38 80 
  286 000000000d68 00000000ac2568 00042 00041 00038 0ff11 00000 00000 0ff00 11 ff 00 00 00 00 00 ff 42 41 38 80 
  287 000000000d74 00000000ac2574 0003d 00040 00057 00300 00000 02d00 001d3 00 03 00 00 00 2d d3 01 3d 40 57 80 
  288 000000000d80 00000000ac2580 0003d 00040 00051 00300 00000 02d00 0012d 00 03 00 00 00 2d 2d 01 3d 40 51 80 
  289 000000000d8c 00000000ac258c 00042 0003e 00038 0ff11 00000 00000 0ff00 11 ff 00 00 00 00 00 ff 42 3e 38 80 
  290 000000000d98 00000000ac2598 00041 00040 00038 0ff12 00000 00000 0ff00 12 ff 00 00 00 00 00 ff 41 40 38 80 
  291 000000000da4 00000000ac25a4 00040 0003f 00038 0ff13 00000 00000 0ff00 13 ff 00 00 00 00 00 ff 40 3f 38 80 
  292 000000000db0 00000000ac25b0 00040 00041 00038 0ff14 00000 00000 0ff00 14 ff 00 00 00 00 00 ff 40 41 38 80 
  293 000000000dbc 00000000ac25bc 0003f 00040 00038 0ff15 00000 00000 0ff00 15 ff 00 00 00 00 00 ff 3f 40 38 80 
  294 000000000dc8 00000000ac25c8 0003e 00040 00052 00300 00000 00000 00100 00 03 00 00 00 00 00 01 3e 40 52 80 
  295 000000000dd4 00000000ac25d4 0003e 00040 00053 00300 00000 00000 00100 00 03 00 00 00 00 00 01 3e 40 53 80 
  296 000000000de0 00000000ac25e0 0003e 00040 00054 00300 00000 00000 00100 00 03 00 00 00 00 00 01 3e 40 54 80 
  297 000000000dec 00000000ac25ec 0003e 00040 00055 00300 00000 00000 00100 00 03 00 00 00 00 00 01 3e 40 55 80 
  298 000000000df8 00000000ac25f8 0003e 00040 00056 00300 00000 00000 00100 00 03 00 00 00 00 00 01 3e 40 56 80 
  299 000000000e04 00000000ac2604 0003e 0003e 00038 0ff11 00000 00000 0ff00 11 ff 00 00 00 00 00 ff 3e 3e 38 80 
  300 000000000e10 00000000ac2610 0003e 00040 00058 00301 00200 00000 00181 01 03 00 02 00 00 81 01 3e 40 58 80 
  301 000000000e1c 00000000ac261c 0003e 00040 00050 00301 00000 00000 0017f 01 03 00 00 00 00 7f 01 3e 40 50 80 
  302 000000000e28 00000000ac2628 0003f 00040 00052 00300 00000 00000 00100 00 03 00 00 00 00 00 01 3f 40 52 80 
  303 000000000e34 00000000ac2634 0003f 00040 00053 00300 00000 00000 00100 00 03 00 00 00 00 00 01 3f 40 53 80 
  304 000000000e40 00000000ac2640 0003f 00040 00054 00300 00000 00000 00100 00 03 00 00 00 00 00 01 3f 40 54 80 
  305 000000000e4c 00000000ac264c 0003f 00040 00055 00300 00000 00000 00100 00 03 00 00 00 00 00 01 3f 40 55 80 
  306 000000000e58 00000000ac2658 0003f 00040 00056 00300 00000 00000 00100 00 03 00 00 00 00 00 01 3f 40 56 80 
  307 000000000e64 00000000ac2664 0003f 00040 00058 00301 00200 00000 00181 01 03 00 02 00 00 81 01 3f 40 58 80 
  308 000000000e70 00000000ac2670 0003f 00040 00050 00301 00000 00000 0017f 01 03 00 00 00 00 7f 01 3f 40 50 80 
  309 000000000e7c 00000000ac267c 0003c 00040 00052 00301 00300 07f00 00100 01 03 00 03 00 7f 00 01 3c 40 52 80 
  310 000000000e88 00000000ac2688 0003c 00040 00053 00301 00300 07f00 00100 01 03 00 03 00 7f 00 01 3c 40 53 80 
  311 000000000e94 00000000ac2694 0003c 00040 00054 00301 00300 07f00 00100 01 03 00 03 00 7f 00 01 3c 40 54 80 
  312 000000000ea0 00000000ac26a0 0003c 00040 00055 00301 00300 07f00 00100 01 03 00 03 00 7f 00 01 3c 40 55 80 
  313 000000000eac 00000000ac26ac 0003c 00040 00056 00301 00300 07f00 00100 01 03 00 03 00 7f 00 01 3c 40 56 80 
  314 000000000eb8 00000000ac26b8 0003e 0003f 00038 0ff11 00000 00000 0ff00 11 ff 00 00 00 00 00 ff 3e 3f 38 80 
  315 000000000ec4 00000000ac26c4 0003c 00040 00058 00303 00200 05900 001a7 03 03 00 02 00 59 a7 01 3c 40 58 80 
  316 000000000ed0 00000000ac26d0 0003c 00040 00050 00303 00300 07800 00128 03 03 00 03 00 78 28 01 3c 40 50 80 
  317 000000000edc 00000000ac26dc 00040 00040 00050 00302 00300 00000 0017f 02 03 00 03 00 00 7f 01 40 40 50 80 
  318 000000000ee8 00000000ac26e8 00040 00040 00058 00301 00200 00000 00181 01 03 00 02 00 00 81 01 40 40 58 80 
  319 000000000ef4 00000000ac26f4 0003b 00040 00043 0ff04 00300 00000 00100 04 ff 00 03 00 00 00 01 3b 40 43 80 
  320 000000000f00 00000000ac2700 0003a 00040 00043 0ff05 00100 00000 00100 05 ff 00 01 00 00 00 01 3a 40 43 80 
  321 000000000f0c 00000000ac270c 00039 00040 00043 0ff05 00100 00000 00100 05 ff 00 01 00 00 00 01 39 40 43 80 
  322 000000000f18 00000000ac2718 00038 00040 00043 0ff05 00100 00000 00100 05 ff 00 01 00 00 00 01 38 40 43 80 
  323 000000000f24 00000000ac2724 00037 00040 00043 0ff05 00100 00000 0ff00 05 ff 00 01 00 00 00 ff 37 40 43 80 
  324 000000000f30 00000000ac2730 00036 00040 00043 0ff05 00100 00000 00000 05 ff 00 01 00 00 00 00 36 40 43 80 
  325 000000000f3c 00000000ac273c 00035 00040 00043 0ff05 00100 00000 00000 05 ff 00 01 00 00 00 00 35 40 43 80 
  326 000000000f48 00000000ac2748 00034 00040 00043 0ff04 00100 00000 00000 04 ff 00 01 00 00 00 00 34 40 43 80 
  327 000000000f54 00000000ac2754 0002f 00040 0003f 00001 00000 00000 0007f 01 00 00 00 00 00 7f 00 2f 40 3f 80 
  328 000000000f60 00000000ac2760 0002f 00040 00041 00000 00000 00000 00000 00 00 00 00 00 00 00 00 2f 40 41 80 
  329 000000000f6c 00000000ac276c 0002f 00040 00042 00000 00000 00000 00000 00 00 00 00 00 00 00 00 2f 40 42 80 
  330 000000000f78 00000000ac2778 0002f 00040 00043 00000 00000 00000 00000 00 00 00 00 00 00 00 00 2f 40 43 80 
  331 000000000f84 00000000ac2784 0002f 00040 00044 00000 00000 00000 00000 00 00 00 00 00 00 00 00 2f 40 44 80 
  332 000000000f90 00000000ac2790 0002f 00040 00045 00000 00000 00000 00000 00 00 00 00 00 00 00 00 2f 40 45 80 
  333 000000000f9c 00000000ac279c 0002f 00040 00047 00001 00200 00000 00081 01 00 00 02 00 00 81 00 2f 40 47 80 
  334 000000000fa8 00000000ac27a8 00030 00040 0003f 00001 00000 00000 0007f 01 00 00 00 00 00 7f 00 30 40 3f 80 
  335 000000000fb4 00000000ac27b4 00030 00040 00041 00000 00000 00000 00000 00 00 00 00 00 00 00 00 30 40 41 80 
  336 000000000fc0 00000000ac27c0 00030 00040 00042 00000 00000 00000 00000 00 00 00 00 00 00 00 00 30 40 42 80 
  337 000000000fcc 00000000ac27cc 00030 00040 00043 00000 00000 00000 00000 00 00 00 00 00 00 00 00 30 40 43 80 
  338 000000000fd8 00000000ac27d8 00030 00040 00044 00000 00000 00000 00000 00 00 00 00 00 00 00 00 30 40 44 80 
  339 000000000fe4 00000000ac27e4 00030 00040 00045 00000 00000 00000 00000 00 00 00 00 00 00 00 00 30 40 45 80 
  340 000000000ff0 00000000ac27f0 00030 00040 00047 00001 00200 00000 00081 01 00 00 02 00 00 81 00 30 40 47 80 
  341 000000000ffc 00000000ac27fc 00044 0003d 00038 0ff10 00000 00001 0ff00 10 ff 00 00 01 00 00 ff 44 3d 38 80 
  342 000000001008 00000000ac2808 00031 00040 0003f 00001 00000 00000 0007f 01 00 00 00 00 00 7f 00 31 40 3f 80 
  343 000000001014 00000000ac2814 00031 00040 00041 00000 00000 00000 00000 00 00 00 00 00 00 00 00 31 40 41 80 
  344 000000001020 00000000ac2820 00031 00040 00042 00000 00000 00000 00000 00 00 00 00 00 00 00 00 31 40 42 80 
  345 00000000102c 00000000ac282c 00031 00040 00043 00000 00000 00000 00000 00 00 00 00 00 00 00 00 31 40 43 80 
  346 000000001038 00000000ac2838 00031 00040 00044 00000 00000 00000 00000 00 00 00 00 00 00 00 00 31 40 44 80 
  347 000000001044 00000000ac2844 00031 00040 00045 00000 00000 00000 00000 00 00 00 00 00 00 00 00 31 40 45 80 
  348 000000001050 00000000ac2850 00031 00040 00047 00001 00200 00000 00081 01 00 00 02 00 00 81 00 31 40 47 80 
  349 00000000105c 00000000ac285c 00043 0003f 00038 0ff10 00000 00001 0ff00 10 ff 00 00 01 00 00 ff 43 3f 38 80 
  350 000000001068 00000000ac2868 0002e 00040 00046 00000 00000 00000 000c0 00 00 00 00 00 00 c0 00 2e 40 46 80 
  351 000000001074 00000000ac2874 00032 00040 0003f 00001 00000 00000 0007f 01 00 00 00 00 00 7f 00 32 40 3f 80 
  352 000000001080 00000000ac2880 00032 00040 00041 00000 00000 0c000 00000 00 00 00 00 00 c0 00 00 32 40 41 80 
  353 00000000108c 00000000ac288c 00032 00040 00042 00000 00000 0c000 00000 00 00 00 00 00 c0 00 00 32 40 42 80 
  354 000000001098 00000000ac2898 00032 00040 00043 00000 00000 0c000 00000 00 00 00 00 00 c0 00 00 32 40 43 80 
  355 0000000010a4 00000000ac28a4 00032 00040 00044 00000 00000 0c000 00000 00 00 00 00 00 c0 00 00 32 40 44 80 
  356 0000000010b0 00000000ac28b0 00032 00040 00045 00000 00000 0c000 00000 00 00 00 00 00 c0 00 00 32 40 45 80 
  357 0000000010bc 00000000ac28bc 00032 00040 00047 00001 00200 00000 00081 01 00 00 02 00 00 81 00 32 40 47 80 
  358 0000000010c8 00000000ac28c8 0002f 00040 00040 00000 00000 00000 00040 00 00 00 00 00 00 40 00 2f 40 40 80 
  359 0000000010d4 00000000ac28d4 0003e 00040 00038 0ff11 00000 00000 0ff00 11 ff 00 00 00 00 00 ff 3e 40 38 80 
  360 0000000010e0 00000000ac28e0 00033 00040 0003f 00003 00000 0a700 00059 03 00 00 00 00 a7 59 00 33 40 3f 80 
  361 0000000010ec 00000000ac28ec 00033 00040 00041 00001 00100 08100 00000 01 00 00 01 00 81 00 00 33 40 41 80 
  362 0000000010f8 00000000ac28f8 00033 00040 00042 00001 00100 08100 00000 01 00 00 01 00 81 00 00 33 40 42 80 
  363 000000001104 00000000ac2904 00033 00040 00043 00002 00000 08100 00000 02 00 00 00 00 81 00 00 33 40 43 80 
  364 000000001110 00000000ac2910 00033 00040 00044 00001 00100 08100 00000 01 00 00 01 00 81 00 00 33 40 44 80 
  365 00000000111c 00000000ac291c 00033 00040 00045 00001 00100 08100 00000 01 00 00 01 00 81 00 00 33 40 45 80 
  366 000000001128 00000000ac2928 00033 00040 00047 00003 00100 0a700 000a7 03 00 00 01 00 a7 a7 00 33 40 47 80 
  367 000000001134 00000000ac2934 00042 0003f 00038 0ff11 00000 00000 0ff00 11 ff 00 00 00 00 00 ff 42 3f 38 80 
  368 000000001140 00000000ac2940 0002b 00040 0003f 00003 00300 05900 00059 03 00 00 03 00 59 59 00 2b 40 3f 80 
  369 00000000114c 00000000ac294c 0002b 00040 00041 00001 00300 07f00 00000 01 00 00 03 00 7f 00 00 2b 40 41 80 
  370 000000001158 00000000ac2958 0002b 00040 00042 00001 00300 07f00 00000 01 00 00 03 00 7f 00 00 2b 40 42 80 
  371 000000001164 00000000ac2964 0002b 00040 00043 00001 00300 07f00 00000 01 00 00 03 00 7f 00 00 2b 40 43 80 
  372 000000001170 00000000ac2970 0002b 00040 00044 00001 00300 07f00 00000 01 00 00 03 00 7f 00 00 2b 40 44 80 
  373 00000000117c 00000000ac297c 0002b 00040 00045 00001 00300 07f00 00000 01 00 00 03 00 7f 00 00 2b 40 45 80 
  374 000000001188 00000000ac2988 0002b 00040 00047 00003 00200 05900 000a7 03 00 00 02 00 59 a7 00 2b 40 47 80 
  375 000000001194 00000000ac2994 00043 00041 00038 0ff10 00000 00001 0ff00 10 ff 00 00 01 00 00 ff 43 41 38 80 
  376 0000000011a0 00000000ac29a0 00043 00043 00038 0ff10 00000 00001 0ff00 10 ff 00 00 01 00 00 ff 43 43 38 80 
  377 0000000011ac 00000000ac29ac 00030 00040 00040 00000 00000 00000 00040 00 00 00 00 00 00 40 00 30 40 40 80 
  378 0000000011b8 00000000ac29b8 00031 00040 00040 00000 00000 00000 00040 00 00 00 00 00 00 40 00 31 40 40 80 
  379 0000000011c4 00000000ac29c4 00042 00040 00038 0ff11 00000 00000 0ff00 11 ff 00 00 00 00 00 ff 42 40 38 80 
  380 0000000011d0 00000000ac29d0 00043 00045 00038 0ff10 00000 00001 0ff00 10 ff 00 00 01 00 00 ff 43 45 38 80 
  381 0000000011dc 00000000ac29dc 00041 00044 00038 0ff10 00000 00001 0ff00 10 ff 00 00 01 00 00 ff 41 44 38 80 
  382 0000000011e8 00000000ac29e8 0002e 00040 0003f 00001 00000 00000 0007f 01 00 00 00 00 00 7f 00 2e 40 3f 80 
  383 0000000011f4 00000000ac29f4 0002e 00040 00041 00000 00000 00000 00000 00 00 00 00 00 00 00 00 2e 40 41 80 
  384 000000001200 00000000ac2a00 0002e 00040 00042 00000 00000 00000 00000 00 00 00 00 00 00 00 00 2e 40 42 80 
  385 00000000120c 00000000ac2a0c 0002e 00040 00043 00000 00000 00000 00000 00 00 00 00 00 00 00 00 2e 40 43 80 
  386 000000001218 00000000ac2a18 0002e 00040 00044 00000 00000 00000 00000 00 00 00 00 00 00 00 00 2e 40 44 80 
  387 000000001224 00000000ac2a24 0002e 00040 00045 00000 00000 00000 00000 00 00 00 00 00 00 00 00 2e 40 45 80 
  388 000000001230 00000000ac2a30 0002e 00040 00047 00001 00200 00000 00081 01 00 00 02 00 00 81 00 2e 40 47 80 
  389 00000000123c 00000000ac2a3c 00032 00040 00040 00000 00000 0d300 0002d 00 00 00 00 00 d3 2d 00 32 40 40 80 
  390 000000001248 00000000ac2a48 00033 00040 00040 00001 00100 08100 00000 01 00 00 01 00 81 00 00 33 40 40 80 
  391 000000001254 00000000ac2a54 00040 00042 00038 0ff11 00000 00000 0ff00 11 ff 00 00 00 00 00 ff 40 42 38 80 
  392 000000001260 00000000ac2a60 0003f 00042 00038 0ff11 00000 00000 0ff00 11 ff 00 00 00 00 00 ff 3f 42 38 80 
  393 00000000126c 00000000ac2a6c 00040 0003e 00038 0ff11 00000 00000 0ff00 11 ff 00 00 00 00 00 ff 40 3e 38 80 
  394 000000001278 00000000ac2a78 0003f 0003e 00038 0ff11 00000 00000 0ff00 11 ff 00 00 00 00 00 ff 3f 3e 38 80 
  395 000000001284 00000000ac2a84 0003f 00044 00038 0ff10 00000 00001 0ff00 10 ff 00 00 01 00 00 ff 3f 44 38 80 
  396 000000001290 00000000ac2a90 0003d 00044 00038 0ff10 00000 00001 0ff00 10 ff 00 00 01 00 00 ff 3d 44 38 80 
  397 00000000129c 00000000ac2a9c 0002b 00040 00040 00001 00300 07f00 00000 01 00 00 03 00 7f 00 00 2b 40 40 80 
  398 0000000012a8 00000000ac2aa8 0002e 00040 00040 00000 00000 00000 00040 00 00 00 00 00 00 40 00 2e 40 40 80 
  399 0000000012b4 00000000ac2ab4 0003b 00044 00038 0ff10 00000 00001 0ff00 10 ff 00 00 01 00 00 ff 3b 44 38 80 
  400 0000000012c0 00000000ac2ac0 0002d 00040 00046 00000 00000 00000 000c0 00 00 00 00 00 00 c0 00 2d 40 46 80 
  401 0000000012cc 00000000ac2acc 00041 00042 00038 0ff11 00000 00000 0ff00 11 ff 00 00 00 00 00 ff 41 42 38 80 
  402 0000000012d8 00000000ac2ad8 00041 0003e 00038 0ff11 00000 00000 0ff00 11 ff 00 00 00 00 00 ff 41 3e 38 80 
  403 0000000012e4 00000000ac2ae4 0003c 0003e 00038 0ff10 00000 00001 0ff00 10 ff 00 00 01 00 00 ff 3c 3e 38 80 
  404 0000000012f0 00000000ac2af0 0002d 00040 0003f 00001 00000 00000 0007f 01 00 00 00 00 00 7f 00 2d 40 3f 80 
  405 0000000012fc 00000000ac2afc 0003f 0003f 00038 0ff16 00000 00001 0ff00 16 ff 00 00 01 00 00 ff 3f 3f 38 80 
  406 000000001308 00000000ac2b08 00041 0003f 00038 0ff17 00000 00001 0ff00 17 ff 00 00 01 00 00 ff 41 3f 38 80 
  407 000000001314 00000000ac2b14 0003f 00041 00038 0ff18 00000 00000 0ff00 18 ff 00 00 00 00 00 ff 3f 41 38 80 
  408 000000001320 00000000ac2b20 00041 00041 00038 0ff19 00000 00000 0ff00 19 ff 00 00 00 00 00 ff 41 41 38 80 
  409 00000000132c 00000000ac2b2c 00040 00040 00038 0ff1a 00000 00000 0ff00 1a ff 00 00 00 00 00 ff 40 40 38 80 
  410 000000001338 00000000ac2b38  BLANK  BLANK  BLANK 0ff00 00000 00000 0ff00 00 ff 00 00 00 00 00 ff ff 00 00 00 
  411 000000001344 00000000ac2b44 0003c 00040 00038 0ff10 00000 00001 0ff00 10 ff 00 00 01 00 00 ff 3c 40 38 80 
  412 000000001350 00000000ac2b50 0003c 00042 00038 0ff10 00000 00001 0ff00 10 ff 00 00 01 00 00 ff 3c 42 38 80 
  413 00000000135c 00000000ac2b5c 0002d 00040 00041 00000 00000 00000 00000 00 00 00 00 00 00 00 00 2d 40 41 80 
  414 000000001368 00000000ac2b68 00040 00040 00057 00300 00000 00000 001c0 00 03 00 00 00 00 c0 01 40 40 57 80 
  415 000000001374 00000000ac2b74 00041 00040 00057 00300 00000 00000 001c0 00 03 00 00 00 00 c0 01 41 40 57 80 
  416 000000001380 00000000ac2b80 00042 00040 00057 00300 00000 00000 001c0 00 03 00 00 00 00 c0 01 42 40 57 80 
  417 00000000138c 00000000ac2b8c 00044 00040 00057 00301 00100 08100 00100 01 03 00 01 00 81 00 01 44 40 57 80 
  418 000000001398 00000000ac2b98 0002d 00040 00042 00000 00000 00000 00000 00 00 00 00 00 00 00 00 2d 40 42 80 
  419 0000000013a4 00000000ac2ba4 0003e 00040 00057 00300 00000 00000 001c0 00 03 00 00 00 00 c0 01 3e 40 57 80 
  420 0000000013b0 00000000ac2bb0 0002d 00040 00043 00000 00000 00000 00000 00 00 00 00 00 00 00 00 2d 40 43 80 
  421 0000000013bc 00000000ac2bbc 0002d 00040 00044 00000 00000 00000 00000 00 00 00 00 00 00 00 00 2d 40 44 80 
  422 0000000013c8 00000000ac2bc8 0002d 00040 00045 00000 00000 00000 00000 00 00 00 00 00 00 00 00 2d 40 45 80 
  423 0000000013d4 00000000ac2bd4 0002d 00040 00047 00001 00200 00000 00081 01 00 00 02 00 00 81 00 2d 40 47 80 
  424 0000000013e0 00000000ac2be0 0002d 00040 00040 00000 00000 00000 00040 00 00 00 00 00 00 40 00 2d 40 40 80 
  425 0000000013ec 00000000ac2bec 0002c 00040 00046 00000 00000 02d00 000d3 00 00 00 00 00 2d d3 00 2c 40 46 80 
  426 0000000013f8 00000000ac2bf8 0002c 00040 0003f 00001 00000 00000 0007f 01 00 00 00 00 00 7f 00 2c 40 3f 80 
  427 000000001404 00000000ac2c04 0002c 00040 00041 00000 00000 04000 00000 00 00 00 00 00 40 00 00 2c 40 41 80 
  428 000000001410 00000000ac2c10 0002c 00040 00042 00000 00000 04000 00000 00 00 00 00 00 40 00 00 2c 40 42 80 
  429 00000000141c 00000000ac2c1c 0002c 00040 00043 00000 00000 04000 00000 00 00 00 00 00 40 00 00 2c 40 43 80 
  430 000000001428 00000000ac2c28 0002c 00040 00044 00000 00000 04000 00000 00 00 00 00 00 40 00 00 2c 40 44 80 
  431 000000001434 00000000ac2c34 0002c 00040 00045 00000 00000 04000 00000 00 00 00 00 00 40 00 00 2c 40 45 80 
  432 000000001440 00000000ac2c40 0002c 00040 00047 00001 00200 00000 00081 01 00 00 02 00 00 81 00 2c 40 47 80 
  433 00000000144c 00000000ac2c4c 0002c 00040 00040 00000 00000 02d00 0002d 00 00 00 00 00 2d 2d 00 2c 40 40 80 
  434 000000001458 00000000ac2c58 0003f 00040 00057 00300 00000 00000 001c0 00 03 00 00 00 00 c0 01 3f 40 57 80 
  435 000000001464 00000000ac2c64 0003c 00040 00057 00301 00300 07f00 00100 01 03 00 03 00 7f 00 01 3c 40 57 80 
  436 000000001470 00000000ac2c70 00040 00040 00051 00300 00000 00000 00140 00 03 00 00 00 00 40 01 40 40 51 80 
  437 00000000147c 00000000ac2c7c 00041 00040 00051 00300 00000 00000 00140 00 03 00 00 00 00 40 01 41 40 51 80 
  438 000000001488 00000000ac2c88 00042 00040 00051 00300 00000 00000 00140 00 03 00 00 00 00 40 01 42 40 51 80 
  439 000000001494 00000000ac2c94 00044 00040 00051 00301 00100 08f00 00138 01 03 00 01 00 8f 38 01 44 40 51 80 
  440 0000000014a0 00000000ac2ca0 0003e 00040 00051 00300 00000 00000 00140 00 03 00 00 00 00 40 01 3e 40 51 80 
  441 0000000014ac 00000000ac2cac 0003f 00040 00051 00300 00000 00000 00140 00 03 00 00 00 00 40 01 3f 40 51 80 
  442 0000000014b8 00000000ac2cb8 0003c 00040 00051 00301 00300 07100 00138 01 03 00 03 00 71 38 01 3c 40 51 80 
  443 0000000014c4 00000000ac2cc4 00043 00040 00052 00300 00000 0c000 00100 00 03 00 00 00 c0 00 01 43 40 52 80 
  444 0000000014d0 00000000ac2cd0 00043 00040 00053 00300 00000 0c000 00100 00 03 00 00 00 c0 00 01 43 40 53 80 
  445 0000000014dc 00000000ac2cdc 00043 00040 00054 00300 00000 0c000 00100 00 03 00 00 00 c0 00 01 43 40 54 80 
  446 0000000014e8 00000000ac2ce8 00043 00040 00055 00300 00000 0c000 00100 00 03 00 00 00 c0 00 01 43 40 55 80 
  447 0000000014f4 00000000ac2cf4 00043 00040 00056 00300 00000 0c000 00100 00 03 00 00 00 c0 00 01 43 40 56 80 
  448 000000001500 00000000ac2d00 00043 00040 00058 00301 00200 00000 00181 01 03 00 02 00 00 81 01 43 40 58 80 
  449 00000000150c 00000000ac2d0c 00043 00040 00050 00301 00000 00000 0017f 01 03 00 00 00 00 7f 01 43 40 50 80 
  450 000000001518 00000000ac2d18 00043 00040 00057 00300 00000 0d300 001d3 00 03 00 00 00 d3 d3 01 43 40 57 80 
  451 000000001524 00000000ac2d24 00043 00040 00051 00300 00000 0d300 0012d 00 03 00 00 00 d3 2d 01 43 40 51 80 
  452 000000001530 00000000ac2d30 00051 00040 00046 00400 00000 00000 002c0 00 04 00 00 00 00 c0 02 51 40 46 80 
  453 00000000153c 00000000ac2d3c 00052 00040 00046 00400 00000 00000 002c0 00 04 00 00 00 00 c0 02 52 40 46 80 
  454 000000001548 00000000ac2d48 00053 00040 00046 00400 00000 00000 002c0 00 04 00 00 00 00 c0 02 53 40 46 80 
  455 000000001554 00000000ac2d54 00055 00040 00046 00401 00100 08100 00200 01 04 00 01 00 81 00 02 55 40 46 80 
  456 000000001560 00000000ac2d60 0004f 00040 00046 00400 00000 00000 002c0 00 04 00 00 00 00 c0 02 4f 40 46 80 
  457 00000000156c 00000000ac2d6c 00050 00040 00046 00400 00000 00000 002c0 00 04 00 00 00 00 c0 02 50 40 46 80 
  458 000000001578 00000000ac2d78 0004d 00040 00046 00401 00300 07f00 00200 01 04 00 03 00 7f 00 02 4d 40 46 80 
  459 000000001584 00000000ac2d84 0004e 00040 00042 00400 00000 04000 00200 00 04 00 00 00 40 00 02 4e 40 42 80 
  460 000000001590 00000000ac2d90 0004e 00040 00043 00400 00000 04000 00200 00 04 00 00 00 40 00 02 4e 40 43 80 
  461 00000000159c 00000000ac2d9c 0004e 00040 00044 00400 00000 04000 00200 00 04 00 00 00 40 00 02 4e 40 44 80 
  462 0000000015a8 00000000ac2da8 0004e 00040 00045 00400 00000 04000 00200 00 04 00 00 00 40 00 02 4e 40 45 80 
  463 0000000015b4 00000000ac2db4 0004e 00040 00047 00401 00200 00000 00281 01 04 00 02 00 00 81 02 4e 40 47 80 
  464 0000000015c0 00000000ac2dc0 0004e 00040 0003f 00401 00000 00000 0027f 01 04 00 00 00 00 7f 02 4e 40 3f 80 
  465 0000000015cc 00000000ac2dcc 0004e 00040 00046 00400 00000 02d00 002d3 00 04 00 00 00 2d d3 02 4e 40 46 80 
  466 0000000015d8 00000000ac2dd8 00054 00040 00041 00400 00000 0c000 00200 00 04 00 00 00 c0 00 02 54 40 41 80 
  467 0000000015e4 00000000ac2de4 00054 00040 00042 00400 00000 0c000 00200 00 04 00 00 00 c0 00 02 54 40 42 80 
  468 0000000015f0 00000000ac2df0 00054 00040 00043 00400 00000 0c000 00200 00 04 00 00 00 c0 00 02 54 40 43 80 
  469 0000000015fc 00000000ac2dfc 00054 00040 00044 00400 00000 0c000 00200 00 04 00 00 00 c0 00 02 54 40 44 80 
  470 000000001608 00000000ac2e08 00054 00040 00045 00400 00000 0c000 00200 00 04 00 00 00 c0 00 02 54 40 45 80 
  471 000000001614 00000000ac2e14 00054 00040 00047 00401 00200 00000 00281 01 04 00 02 00 00 81 02 54 40 47 80 
  472 000000001620 00000000ac2e20 00054 00040 0003f 00401 00000 00000 0027f 01 04 00 00 00 00 7f 02 54 40 3f 80 
  473 00000000162c 00000000ac2e2c 00054 00040 00046 00400 00000 0d300 002d3 00 04 00 00 00 d3 d3 02 54 40 46 80 
  474 000000001638 00000000ac2e38 00051 00040 00040 00400 00000 00000 00240 00 04 00 00 00 00 40 02 51 40 40 80 
  475 000000001644 00000000ac2e44 00052 00040 00040 00400 00000 00000 00240 00 04 00 00 00 00 40 02 52 40 40 80 
  476 000000001650 00000000ac2e50 00053 00040 00040 00400 00000 00000 00240 00 04 00 00 00 00 40 02 53 40 40 80 
  477 00000000165c 00000000ac2e5c 0004e 00040 00040 00400 00000 02d00 0022d 00 04 00 00 00 2d 2d 02 4e 40 40 80 
  478 000000001668 00000000ac2e68 00055 00040 00040 00401 00100 08100 00200 01 04 00 01 00 81 00 02 55 40 40 80 
  479 000000001674 00000000ac2e74 0004f 00040 00040 00400 00000 00000 00240 00 04 00 00 00 00 40 02 4f 40 40 80 
  480 000000001680 00000000ac2e80 00050 00040 00040 00400 00000 00000 00240 00 04 00 00 00 00 40 02 50 40 40 80 
  481 00000000168c 00000000ac2e8c 0004d 00040 00040 00401 00300 07f00 00200 01 04 00 03 00 7f 00 02 4d 40 40 80 
  482 000000001698 00000000ac2e98 00054 00040 00040 00400 00000 0d300 0022d 00 04 00 00 00 d3 2d 02 54 40 40 80 
  483 0000000016a4 00000000ac2ea4 0002f 00040 00046 00000 00000 00000 000c0 00 00 00 00 00 00 c0 00 2f 40 46 80 
  484 0000000016b0 00000000ac2eb0 00030 00040 00046 00000 00000 00000 000c0 00 00 00 00 00 00 c0 00 30 40 46 80 
  485 0000000016bc 00000000ac2ebc 00040 00040 00037 0ff1b 00000 00000 0ff00 1b ff 00 00 00 00 00 ff 40 40 37 80 
  486 0000000016c8 00000000ac2ec8 0003e 00040 00041 0011c 00000 05901 00159 1c 01 00 00 01 59 59 01 3e 40 41 80 
  487 0000000016d4 00000000ac2ed4 0003e 00040 00045 0011c 00300 00001 00181 1c 01 00 03 01 00 81 01 3e 40 45 80 
  488 0000000016e0 00000000ac2ee0 00042 00040 00041 0011c 00100 0a701 00159 1c 01 00 01 01 a7 59 01 42 40 41 80 
  489 0000000016ec 00000000ac2eec 00042 00040 00045 0011c 00200 00001 00181 1c 01 00 02 01 00 81 01 42 40 45 80 
  490 0000000016f8 00000000ac2ef8 0003e 00040 00052 0031c 00000 05901 00159 1c 03 00 00 01 59 59 01 3e 40 52 80 
  491 000000001704 00000000ac2f04 0003e 00040 00056 0031c 00300 05901 001a7 1c 03 00 03 01 59 a7 01 3e 40 56 80 
  492 000000001710 00000000ac2f10 00042 00040 00052 0031c 00100 0a701 00159 1c 03 00 01 01 a7 59 01 42 40 52 80 
  493 00000000171c 00000000ac2f1c 00042 00040 00056 0031c 00200 0a701 001a7 1c 03 00 02 01 a7 a7 01 42 40 56 80 
  494 000000001728 00000000ac2f28 0002d 00040 00041 0001c 00000 05901 00059 1c 00 00 00 01 59 59 00 2d 40 41 80 
  495 000000001734 00000000ac2f34 0002d 00040 00045 0001c 00300 05901 000a7 1c 00 00 03 01 59 a7 00 2d 40 45 80 
  496 000000001740 00000000ac2f40 00031 00040 00041 0001c 00100 0a701 00059 1c 00 00 01 01 a7 59 00 31 40 41 80 
  497 00000000174c 00000000ac2f4c 00031 00040 00045 0001c 00200 0a701 000a7 1c 00 00 02 01 a7 a7 00 31 40 45 80 
  498 000000001758 00000000ac2f58 0004f 00040 00041 0041c 00000 05901 00259 1c 04 00 00 01 59 59 02 4f 40 41 80 
  499 000000001764 00000000ac2f64 0004f 00040 00045 0041c 00300 05901 002a7 1c 04 00 03 01 59 a7 02 4f 40 45 80 
  500 000000001770 00000000ac2f70 00053 00040 00041 0041c 00100 0a701 00259 1c 04 00 01 01 a7 59 02 53 40 41 80 
  501 00000000177c 00000000ac2f7c 00053 00040 00045 0041c 00200 0a701 002a7 1c 04 00 02 01 a7 a7 02 53 40 45 80 
  502 000000001788 00000000ac2f88 0003e 00040 0004a 0021c 00000 07f01 00100 1c 02 00 00 01 7f 00 01 3e 40 4a 80 
  503 000000001794 00000000ac2f94 0003e 00040 0004e 0021c 00300 05901 001a7 1c 02 00 03 01 59 a7 01 3e 40 4e 80 
  504 0000000017a0 00000000ac2fa0 00042 00040 0004a 0021c 00100 08101 00100 1c 02 00 01 01 81 00 01 42 40 4a 80 
  505 0000000017ac 00000000ac2fac 00042 00040 0004e 0021c 00200 0a701 001a7 1c 02 00 02 01 a7 a7 01 42 40 4e 80 
  506 0000000017b8 00000000ac2fb8  BLANK  BLANK  BLANK 0ff00 00000 00000 0ff00 00 ff 00 00 00 00 00 ff ff 00 00 00 
  507 0000000017c4 00000000ac2fc4  BLANK  BLANK  BLANK 0ff00 00000 00000 0ff00 00 ff 00 00 00 00 00 ff ff 00 00 00 
  508 0000000017d0 00000000ac2fd0  BLANK  BLANK  BLANK 0ff00 00000 00000 0ff00 00 ff 00 00 00 00 00 ff ff 00 00 00 
  509 0000000017dc 00000000ac2fdc  BLANK  BLANK  BLANK 0ff00 00000 00000 0ff00 00 ff 00 00 00 00 00 ff ff 00 00 00 
  510 0000000017e8 00000000ac2fe8  BLANK  BLANK  BLANK 0ff00 00000 00000 0ff00 00 ff 00 00 00 00 00 ff ff 00 00 00 
  511 0000000017f4 00000000ac2ff4  BLANK  BLANK  BLANK 0ff00 00000 00000 0ff00 00 ff 00 00 00 00 00 ff ff 00 00 00 

========================================================================================================================
Summary for death_world_gate_of_the_dead:
  Total tiles: 512
  Non-blank tiles: 505
  Blank tiles: 7
