Area: death_world_dark_castle_layer
Index: 25
========================================================================================================================

Tile Format (12 bytes = 0x0C):
  Offset 0x00-0x01: x position (UInt16)
  Offset 0x02-0x03: y position (UInt16)
  Offset 0x04-0x05: z position (UInt16)
  Offset 0x06-0x07: rotation_z (UInt16)
  Offset 0x08: tileX (UInt8) - blank if 0xFF
  Offset 0x09: tileY (UInt8)
  Offset 0x0A: tileZ (UInt8)
  Offset 0x0B: unknown (UInt8)
========================================================================================================================

Index OffsetInFile AbsoluteOffset TileX TileY TileZ PosX  PosY  PosZ  RotZ  RawBytes (hex)
------------------------------------------------------------------------------------------------------------------------
    0 000000000000 00000000bc3800 00040 00040 00040 00600 00000 00000 00200 00 06 00 00 00 00 00 02 40 40 40 80 
    1 00000000000c 00000000bc380c 0003f 00040 00040 00600 00000 00000 00200 00 06 00 00 00 00 00 02 3f 40 40 80 
    2 000000000018 00000000bc3818 0003e 00040 00040 00600 00000 04000 00200 00 06 00 00 00 40 00 02 3e 40 40 80 
    3 000000000024 00000000bc3824 00040 00040 00041 00600 00000 00000 002c0 00 06 00 00 00 00 c0 02 40 40 41 80 
    4 000000000030 00000000bc3830 0003f 00040 00041 00600 00000 00000 002c0 00 06 00 00 00 00 c0 02 3f 40 41 80 
    5 00000000003c 00000000bc383c 0003e 00040 00041 00600 00000 02d00 002d3 00 06 00 00 00 2d d3 02 3e 40 41 80 
    6 000000000048 00000000bc3848 00040 00040 0003e 00600 00000 00000 00240 00 06 00 00 00 00 40 02 40 40 3e 80 
    7 000000000054 00000000bc3854 0003f 00040 0003e 00600 00000 00000 00240 00 06 00 00 00 00 40 02 3f 40 3e 80 
    8 000000000060 00000000bc3860 0003e 00040 0003e 00600 00000 02d00 0022d 00 06 00 00 00 2d 2d 02 3e 40 3e 80 
    9 00000000006c 00000000bc386c 00040 00040 0003f 00600 00000 00000 00200 00 06 00 00 00 00 00 02 40 40 3f 80 
   10 000000000078 00000000bc3878 0003f 00040 0003f 00600 00000 00000 00200 00 06 00 00 00 00 00 02 3f 40 3f 80 
   11 000000000084 00000000bc3884 0003e 00040 0003f 00600 00000 04000 00200 00 06 00 00 00 40 00 02 3e 40 3f 80 
   12 000000000090 00000000bc3890 00043 00040 00040 00600 00000 00000 00200 00 06 00 00 00 00 00 02 43 40 40 80 
   13 00000000009c 00000000bc389c 00042 00040 00040 00600 00000 00000 00200 00 06 00 00 00 00 00 02 42 40 40 80 
   14 0000000000a8 00000000bc38a8 00041 00040 00040 00600 00000 00000 00200 00 06 00 00 00 00 00 02 41 40 40 80 
   15 0000000000b4 00000000bc38b4 00043 00040 00041 00600 00000 00000 002c0 00 06 00 00 00 00 c0 02 43 40 41 80 
   16 0000000000c0 00000000bc38c0 00042 00040 00041 00600 00000 00000 002c0 00 06 00 00 00 00 c0 02 42 40 41 80 
   17 0000000000cc 00000000bc38cc 00041 00040 00041 00600 00000 00000 002c0 00 06 00 00 00 00 c0 02 41 40 41 80 
   18 0000000000d8 00000000bc38d8 00043 00040 0003e 00600 00000 00000 00240 00 06 00 00 00 00 40 02 43 40 3e 80 
   19 0000000000e4 00000000bc38e4 00042 00040 0003e 00600 00000 00000 00240 00 06 00 00 00 00 40 02 42 40 3e 80 
   20 0000000000f0 00000000bc38f0 00041 00040 0003e 00600 00000 00000 00240 00 06 00 00 00 00 40 02 41 40 3e 80 
   21 0000000000fc 00000000bc38fc 00043 00040 0003f 00600 00000 00000 00200 00 06 00 00 00 00 00 02 43 40 3f 80 
   22 000000000108 00000000bc3908 00042 00040 0003f 00600 00000 00000 00200 00 06 00 00 00 00 00 02 42 40 3f 80 
   23 000000000114 00000000bc3914 00041 00040 0003f 00600 00000 00000 00200 00 06 00 00 00 00 00 02 41 40 3f 80 
   24 000000000120 00000000bc3920 00046 00040 00040 00600 00000 00000 00200 00 06 00 00 00 00 00 02 46 40 40 80 
   25 00000000012c 00000000bc392c 00045 00040 00040 00600 00000 00000 00200 00 06 00 00 00 00 00 02 45 40 40 80 
   26 000000000138 00000000bc3938 00044 00040 00040 00600 00000 00000 00200 00 06 00 00 00 00 00 02 44 40 40 80 
   27 000000000144 00000000bc3944 00046 00040 00041 00600 00000 00000 002c0 00 06 00 00 00 00 c0 02 46 40 41 80 
   28 000000000150 00000000bc3950 00045 00040 00041 00600 00000 00000 002c0 00 06 00 00 00 00 c0 02 45 40 41 80 
   29 00000000015c 00000000bc395c 00044 00040 00041 00600 00000 00000 002c0 00 06 00 00 00 00 c0 02 44 40 41 80 
   30 000000000168 00000000bc3968 00046 00040 0003e 00600 00000 00000 00240 00 06 00 00 00 00 40 02 46 40 3e 80 
   31 000000000174 00000000bc3974 00045 00040 0003e 00600 00000 00000 00240 00 06 00 00 00 00 40 02 45 40 3e 80 
   32 000000000180 00000000bc3980 00044 00040 0003e 00600 00000 00000 00240 00 06 00 00 00 00 40 02 44 40 3e 80 
   33 00000000018c 00000000bc398c 00046 00040 0003f 00600 00000 00000 00200 00 06 00 00 00 00 00 02 46 40 3f 80 
   34 000000000198 00000000bc3998 00045 00040 0003f 00600 00000 00000 00200 00 06 00 00 00 00 00 02 45 40 3f 80 
   35 0000000001a4 00000000bc39a4 00044 00040 0003f 00600 00000 00000 00200 00 06 00 00 00 00 00 02 44 40 3f 80 
   36 0000000001b0 00000000bc39b0 00047 00040 00040 00600 00000 0c000 00200 00 06 00 00 00 c0 00 02 47 40 40 80 
   37 0000000001bc 00000000bc39bc 00047 00040 00041 00600 00000 0d300 002d3 00 06 00 00 00 d3 d3 02 47 40 41 80 
   38 0000000001c8 00000000bc39c8 00047 00040 0003e 00600 00000 0d300 0022d 00 06 00 00 00 d3 2d 02 47 40 3e 80 
   39 0000000001d4 00000000bc39d4 00047 00040 0003f 00600 00000 0c000 00200 00 06 00 00 00 c0 00 02 47 40 3f 80 
   40 0000000001e0 00000000bc39e0 00048 00040 0003e 00601 00300 08101 00200 01 06 00 03 01 81 00 02 48 40 3e 80 
   41 0000000001ec 00000000bc39ec 00048 00040 0003f 00601 00300 08101 00200 01 06 00 03 01 81 00 02 48 40 3f 80 
   42 0000000001f8 00000000bc39f8 00048 00040 00040 00601 00300 08101 00200 01 06 00 03 01 81 00 02 48 40 40 80 
   43 000000000204 00000000bc3a04 00048 00040 00041 00601 00300 08101 00200 01 06 00 03 01 81 00 02 48 40 41 80 
   44 000000000210 00000000bc3a10 00048 00040 00042 00601 00300 08101 00200 01 06 00 03 01 81 00 02 48 40 42 80 
   45 00000000021c 00000000bc3a1c 00048 00040 00043 00602 00000 0a701 002a7 02 06 00 00 01 a7 a7 02 48 40 43 80 
   46 000000000228 00000000bc3a28 00047 00040 00043 00603 00100 05901 002a7 03 06 00 01 01 59 a7 02 47 40 43 80 
   47 000000000234 00000000bc3a34 00047 00040 00042 00604 00100 07101 002c8 04 06 00 01 01 71 c8 02 47 40 42 80 
   48 000000000240 00000000bc3a40 00046 00040 00042 00605 00000 02801 00288 05 06 00 00 01 28 88 02 46 40 42 80 
   49 00000000024c 00000000bc3a4c 00045 00040 00042 00605 00000 00001 00281 05 06 00 00 01 00 81 02 45 40 42 80 
   50 000000000258 00000000bc3a58 00044 00040 00042 00605 00000 0d801 00288 05 06 00 00 01 d8 88 02 44 40 42 80 
   51 000000000264 00000000bc3a64 00043 00040 00042 00606 00300 08f01 002c8 06 06 00 03 01 8f c8 02 43 40 42 80 
   52 000000000270 00000000bc3a70 00043 00040 00043 00603 00000 0a701 002a7 03 06 00 00 01 a7 a7 02 43 40 43 80 
   53 00000000027c 00000000bc3a7c 00042 00040 00043 00603 00100 05901 002a7 03 06 00 01 01 59 a7 02 42 40 43 80 
   54 000000000288 00000000bc3a88 00042 00040 00042 00604 00100 07101 002c8 04 06 00 01 01 71 c8 02 42 40 42 80 
   55 000000000294 00000000bc3a94 00041 00040 00042 00605 00000 02801 00288 05 06 00 00 01 28 88 02 41 40 42 80 
   56 0000000002a0 00000000bc3aa0 00040 00040 00042 00605 00000 00001 00281 05 06 00 00 01 00 81 02 40 40 42 80 
   57 0000000002ac 00000000bc3aac 0003f 00040 00042 00605 00000 0d801 00288 05 06 00 00 01 d8 88 02 3f 40 42 80 
   58 0000000002b8 00000000bc3ab8 0003e 00040 00042 00606 00300 08f01 002c8 06 06 00 03 01 8f c8 02 3e 40 42 80 
   59 0000000002c4 00000000bc3ac4 0003e 00040 00043 00603 00000 0a701 002a7 03 06 00 00 01 a7 a7 02 3e 40 43 80 
   60 0000000002d0 00000000bc3ad0 0003d 00040 00043 00602 00100 05901 002a7 02 06 00 01 01 59 a7 02 3d 40 43 80 
   61 0000000002dc 00000000bc3adc 0003d 00040 00042 00601 00100 07f01 00200 01 06 00 01 01 7f 00 02 3d 40 42 80 
   62 0000000002e8 00000000bc3ae8 0003d 00040 00041 00601 00100 07f01 00200 01 06 00 01 01 7f 00 02 3d 40 41 80 
   63 0000000002f4 00000000bc3af4 0003d 00040 00040 00607 00100 07f00 00200 07 06 00 01 00 7f 00 02 3d 40 40 80 
   64 000000000300 00000000bc3b00 0003d 00040 0003f 00601 00100 07f01 00200 01 06 00 01 01 7f 00 02 3d 40 3f 80 
   65 00000000030c 00000000bc3b0c 0003d 00040 0003e 00601 00100 07f01 00200 01 06 00 01 01 7f 00 02 3d 40 3e 80 
   66 000000000318 00000000bc3b18 0003d 00040 0003d 00602 00200 05901 00259 02 06 00 02 01 59 59 02 3d 40 3d 80 
   67 000000000324 00000000bc3b24 0003e 00040 0003d 00608 00200 00000 0027f 08 06 00 02 00 00 7f 02 3e 40 3d 80 
   68 000000000330 00000000bc3b30 0003f 00040 0003d 00601 00200 00001 0027f 01 06 00 02 01 00 7f 02 3f 40 3d 80 
   69 00000000033c 00000000bc3b3c 00040 00040 0003d 00601 00200 00001 0027f 01 06 00 02 01 00 7f 02 40 40 3d 80 
   70 000000000348 00000000bc3b48 00041 00040 0003d 00601 00200 00001 0027f 01 06 00 02 01 00 7f 02 41 40 3d 80 
   71 000000000354 00000000bc3b54 00042 00040 0003d 00601 00200 00001 0027f 01 06 00 02 01 00 7f 02 42 40 3d 80 
   72 000000000360 00000000bc3b60 00043 00040 0003d 00601 00200 00001 0027f 01 06 00 02 01 00 7f 02 43 40 3d 80 
   73 00000000036c 00000000bc3b6c 00044 00040 0003d 00609 00000 00001 0027f 09 06 00 00 01 00 7f 02 44 40 3d 80 
   74 000000000378 00000000bc3b78 00045 00040 0003d 00601 00200 00001 0027f 01 06 00 02 01 00 7f 02 45 40 3d 80 
   75 000000000384 00000000bc3b84 00046 00040 0003d 00601 00200 00001 0027f 01 06 00 02 01 00 7f 02 46 40 3d 80 
   76 000000000390 00000000bc3b90 00047 00040 0003d 0060a 00000 00001 0027f 0a 06 00 00 01 00 7f 02 47 40 3d 80 
   77 00000000039c 00000000bc3b9c 00048 00040 0003d 00602 00300 0a701 00259 02 06 00 03 01 a7 59 02 48 40 3d 80 
   78 0000000003a8 00000000bc3ba8 0003c 00040 00040 0ff0b 00300 00000 0ff00 0b ff 00 03 00 00 00 ff 3c 40 40 80 
   79 0000000003b4 00000000bc3bb4 0003b 00040 00040 00007 00300 08100 00000 07 00 00 03 00 81 00 00 3b 40 40 80 
   80 0000000003c0 00000000bc3bc0 0003b 00040 00041 00001 00300 08101 00000 01 00 00 03 01 81 00 00 3b 40 41 80 
   81 0000000003cc 00000000bc3bcc 0003b 00040 00042 00001 00300 08101 00000 01 00 00 03 01 81 00 00 3b 40 42 80 
   82 0000000003d8 00000000bc3bd8 0003b 00040 00043 00002 00000 0a701 000a7 02 00 00 00 01 a7 a7 00 3b 40 43 80 
   83 0000000003e4 00000000bc3be4 0003a 00040 00043 00001 00000 00001 00081 01 00 00 00 01 00 81 00 3a 40 43 80 
   84 0000000003f0 00000000bc3bf0 0003a 00040 00042 00000 00000 0d300 000d3 00 00 00 00 00 d3 d3 00 3a 40 42 80 
   85 0000000003fc 00000000bc3bfc 0003a 00040 00041 00000 00000 0c000 00000 00 00 00 00 00 c0 00 00 3a 40 41 80 
   86 000000000408 00000000bc3c08 0003a 00040 00040 00000 00000 0c000 00000 00 00 00 00 00 c0 00 00 3a 40 40 80 
   87 000000000414 00000000bc3c14 0003a 00040 0003f 00000 00000 0c000 00000 00 00 00 00 00 c0 00 00 3a 40 3f 80 
   88 000000000420 00000000bc3c20 0003a 00040 0003e 00000 00000 0d300 0002d 00 00 00 00 00 d3 2d 00 3a 40 3e 80 
   89 00000000042c 00000000bc3c2c 0003b 00040 0003f 00001 00300 08101 00000 01 00 00 03 01 81 00 00 3b 40 3f 80 
   90 000000000438 00000000bc3c38 0003b 00040 0003e 00001 00300 08101 00000 01 00 00 03 01 81 00 00 3b 40 3e 80 
   91 000000000444 00000000bc3c44 00038 00040 00043 0000c 00000 00000 00081 0c 00 00 00 00 00 81 00 38 40 43 80 
   92 000000000450 00000000bc3c50 00038 00040 00042 0000d 00000 00001 000c0 0d 00 00 00 01 00 c0 00 38 40 42 80 
   93 00000000045c 00000000bc3c5c 00038 00040 00041 0000d 00000 00001 00000 0d 00 00 00 01 00 00 00 38 40 41 80 
   94 000000000468 00000000bc3c68 00038 00040 00040 0000d 00000 00001 00000 0d 00 00 00 01 00 00 00 38 40 40 80 
   95 000000000474 00000000bc3c74 00038 00040 0003f 0000d 00000 00001 00040 0d 00 00 00 01 00 40 00 38 40 3f 80 
   96 000000000480 00000000bc3c80 00038 00040 0003d 0000e 00200 00000 0007f 0e 00 00 02 00 00 7f 00 38 40 3d 80 
   97 00000000048c 00000000bc3c8c 00038 00040 0003e 0000d 00000 00001 00040 0d 00 00 00 01 00 40 00 38 40 3e 80 
   98 000000000498 00000000bc3c98 00036 00040 00043 00001 00000 00001 00081 01 00 00 00 01 00 81 00 36 40 43 80 
   99 0000000004a4 00000000bc3ca4 00036 00040 00042 00000 00000 02d00 000d3 00 00 00 00 00 2d d3 00 36 40 42 80 
  100 0000000004b0 00000000bc3cb0 00036 00040 00041 00000 00000 04000 00000 00 00 00 00 00 40 00 00 36 40 41 80 
  101 0000000004bc 00000000bc3cbc 00036 00040 00040 00000 00000 04000 00000 00 00 00 00 00 40 00 00 36 40 40 80 
  102 0000000004c8 00000000bc3cc8 00036 00040 0003f 00000 00000 04000 00000 00 00 00 00 00 40 00 00 36 40 3f 80 
  103 0000000004d4 00000000bc3cd4 00036 00040 0003e 00000 00000 02d00 0002d 00 00 00 00 00 2d 2d 00 36 40 3e 80 
  104 0000000004e0 00000000bc3ce0 00035 00040 00041 00001 00100 07f01 00000 01 00 00 01 01 7f 00 00 35 40 41 80 
  105 0000000004ec 00000000bc3cec 00035 00040 00042 00001 00100 07f01 00000 01 00 00 01 01 7f 00 00 35 40 42 80 
  106 0000000004f8 00000000bc3cf8 00035 00040 00043 00002 00100 05901 000a7 02 00 00 01 01 59 a7 00 35 40 43 80 
  107 000000000504 00000000bc3d04 00035 00040 0003f 00001 00100 07f01 00000 01 00 00 01 01 7f 00 00 35 40 3f 80 
  108 000000000510 00000000bc3d10 00035 00040 0003e 00001 00100 07f01 00000 01 00 00 01 01 7f 00 00 35 40 3e 80 
  109 00000000051c 00000000bc3d1c 00035 00040 00040 00008 00100 07f00 00000 08 00 00 01 00 7f 00 00 35 40 40 80 
  110 000000000528 00000000bc3d28 00034 00040 00040 0ff0f 00300 00000 00000 0f ff 00 03 00 00 00 00 34 40 40 80 
  111 000000000534 00000000bc3d34 00034 00040 00041 0ff10 00300 00000 00000 10 ff 00 03 00 00 00 00 34 40 41 80 
  112 000000000540 00000000bc3d40 00033 00040 00041 0ff11 00300 00000 00000 11 ff 00 03 00 00 00 00 33 40 41 80 
  113 00000000054c 00000000bc3d4c 00032 00040 00041 0ff10 00000 00000 00000 10 ff 00 00 00 00 00 00 32 40 41 80 
  114 000000000558 00000000bc3d58 00032 00040 00040 0ff11 00000 00000 00000 11 ff 00 00 00 00 00 00 32 40 40 80 
  115 000000000564 00000000bc3d64 00032 00040 0003f 0ff10 00100 00000 00000 10 ff 00 01 00 00 00 00 32 40 3f 80 
  116 000000000570 00000000bc3d70 00033 00040 0003f 0ff11 00100 00000 00000 11 ff 00 01 00 00 00 00 33 40 3f 80 
  117 00000000057c 00000000bc3d7c 00034 00040 0003f 0ff10 00200 00000 00000 10 ff 00 02 00 00 00 00 34 40 3f 80 
  118 000000000588 00000000bc3d88 00033 00040 00040 0ff12 00000 00000 00000 12 ff 00 00 00 00 00 00 33 40 40 80 
  119 000000000594 00000000bc3d94 0003e 00040 0003c 0ff0f 00000 00000 00200 0f ff 00 00 00 00 00 02 3e 40 3c 80 
  120 0000000005a0 00000000bc3da0 0003f 00040 0003c 0ff10 00300 00000 00200 10 ff 00 03 00 00 00 02 3f 40 3c 80 
  121 0000000005ac 00000000bc3dac 0003f 00040 0003b 0ff11 00200 00000 00200 11 ff 00 02 00 00 00 02 3f 40 3b 80 
  122 0000000005b8 00000000bc3db8 0003f 00040 0003a 0ff10 00200 00000 00200 10 ff 00 02 00 00 00 02 3f 40 3a 80 
  123 0000000005c4 00000000bc3dc4 0003e 00040 0003a 0ff11 00100 00000 00200 11 ff 00 01 00 00 00 02 3e 40 3a 80 
  124 0000000005d0 00000000bc3dd0 0003d 00040 0003a 0ff10 00100 00000 00200 10 ff 00 01 00 00 00 02 3d 40 3a 80 
  125 0000000005dc 00000000bc3ddc 0003d 00040 0003b 0ff11 00000 00000 00200 11 ff 00 00 00 00 00 02 3d 40 3b 80 
  126 0000000005e8 00000000bc3de8 0003d 00040 0003c 0ff10 00000 00000 00200 10 ff 00 00 00 00 00 02 3d 40 3c 80 
  127 0000000005f4 00000000bc3df4 0003e 00040 0003b 0ff12 00000 00000 00200 12 ff 00 00 00 00 00 02 3e 40 3b 80 
  128 000000000600 00000000bc3e00 00038 0003f 00043 0000c 00000 00000 00081 0c 00 00 00 00 00 81 00 38 3f 43 80 
  129 00000000060c 00000000bc3e0c 00038 0003f 00042 00013 00000 00000 000c0 13 00 00 00 00 00 c0 00 38 3f 42 80 
  130 000000000618 00000000bc3e18 00038 0003f 00041 00013 00000 00000 00000 13 00 00 00 00 00 00 00 38 3f 41 80 
  131 000000000624 00000000bc3e24 00038 0003f 00040 00013 00000 00000 00000 13 00 00 00 00 00 00 00 38 3f 40 80 
  132 000000000630 00000000bc3e30 00038 0003f 0003f 00013 00000 00000 00040 13 00 00 00 00 00 40 00 38 3f 3f 80 
  133 00000000063c 00000000bc3e3c 00038 0003f 0003e 00013 00000 00000 0007f 13 00 00 00 00 00 7f 00 38 3f 3e 80 
  134 000000000648 00000000bc3e48 00038 0003f 0003d 0000e 00200 00000 0007f 0e 00 00 02 00 00 7f 00 38 3f 3d 80 
  135 000000000654 00000000bc3e54 00038 0003e 00043 00014 00000 00000 00081 14 00 00 00 00 00 81 00 38 3e 43 80 
  136 000000000660 00000000bc3e60 00038 0003e 00042 00015 00000 00000 000c0 15 00 00 00 00 00 c0 00 38 3e 42 80 
  137 00000000066c 00000000bc3e6c 00038 0003e 00041 00015 00000 00000 00000 15 00 00 00 00 00 00 00 38 3e 41 80 
  138 000000000678 00000000bc3e78 00038 0003e 00040 00015 00000 00000 00000 15 00 00 00 00 00 00 00 38 3e 40 80 
  139 000000000684 00000000bc3e84 00038 0003e 0003f 00015 00000 00000 00040 15 00 00 00 00 00 40 00 38 3e 3f 80 
  140 000000000690 00000000bc3e90 00038 0003e 0003e 00015 00000 00000 0007f 15 00 00 00 00 00 7f 00 38 3e 3e 80 
  141 00000000069c 00000000bc3e9c 00038 0003e 0003d 00116 00200 00000 00081 16 01 00 02 00 00 81 00 38 3e 3d 80 
  142 0000000006a8 00000000bc3ea8 0003a 0003e 00043 00017 00000 00000 00081 17 00 00 00 00 00 81 00 3a 3e 43 80 
  143 0000000006b4 00000000bc3eb4 0003b 0003e 00043 00018 00000 0a700 000a7 18 00 00 00 00 a7 a7 00 3b 3e 43 80 
  144 0000000006c0 00000000bc3ec0 0003b 0003e 00042 00017 00300 08100 00000 17 00 00 03 00 81 00 00 3b 3e 42 80 
  145 0000000006cc 00000000bc3ecc 0003b 0003e 00041 00017 00300 08100 00000 17 00 00 03 00 81 00 00 3b 3e 41 80 
  146 0000000006d8 00000000bc3ed8 0003b 0003e 00040 00017 00300 08100 00000 17 00 00 03 00 81 00 00 3b 3e 40 80 
  147 0000000006e4 00000000bc3ee4 0003b 0003e 0003f 00017 00300 08100 00000 17 00 00 03 00 81 00 00 3b 3e 3f 80 
  148 0000000006f0 00000000bc3ef0 0003b 0003e 0003e 00017 00300 08100 00000 17 00 00 03 00 81 00 00 3b 3e 3e 80 
  149 0000000006fc 00000000bc3efc 0003c 00040 00041 0ff19 00000 00000 0ff00 19 ff 00 00 00 00 00 ff 3c 40 41 80 
  150 000000000708 00000000bc3f08 0003c 00040 00042 0ff1a 00000 00000 0ff00 1a ff 00 00 00 00 00 ff 3c 40 42 80 
  151 000000000714 00000000bc3f14 0003c 00040 00043 0ff1a 00000 00000 0ff00 1a ff 00 00 00 00 00 ff 3c 40 43 78 
  152 000000000720 00000000bc3f20 0003c 00040 00044 0ff1b 00300 00000 0ff00 1b ff 00 03 00 00 00 ff 3c 40 44 70 
  153 00000000072c 00000000bc3f2c 0003d 0003f 00044 0ff1a 00300 00000 0ff00 1a ff 00 03 00 00 00 ff 3d 3f 44 90 
  154 000000000738 00000000bc3f38 0003e 0003f 00044 0ff1a 00300 00000 00100 1a ff 00 03 00 00 00 01 3e 3f 44 88 
  155 000000000744 00000000bc3f44 0003f 0003f 00044 0031c 00100 07f00 00100 1c 03 00 01 00 7f 00 01 3f 3f 44 80 
  156 000000000750 00000000bc3f50 0003f 0003f 00045 00310 00000 05900 001a7 10 03 00 00 00 59 a7 01 3f 3f 45 80 
  157 00000000075c 00000000bc3f5c 00040 0003f 00045 0031c 00000 00000 00181 1c 03 00 00 00 00 81 01 40 3f 45 80 
  158 000000000768 00000000bc3f68 00041 0003f 00045 00310 00300 0a700 001a7 10 03 00 03 00 a7 a7 01 41 3f 45 80 
  159 000000000774 00000000bc3f74 00041 0003f 00044 0031c 00300 08100 00100 1c 03 00 03 00 81 00 01 41 3f 44 80 
  160 000000000780 00000000bc3f80 00041 0003f 00043 00311 00200 08100 00100 11 03 00 02 00 81 00 01 41 3f 43 80 
  161 00000000078c 00000000bc3f8c 00041 0003f 00042 0031d 00200 08f00 001c8 1d 03 00 02 00 8f c8 01 41 3f 42 80 
  162 000000000798 00000000bc3f98 00040 0003f 00042 0031e 00200 00000 001c0 1e 03 00 02 00 00 c0 01 40 3f 42 80 
  163 0000000007a4 00000000bc3fa4 0003f 0003f 00042 0031f 00200 07100 001c8 1f 03 00 02 00 71 c8 01 3f 3f 42 80 
  164 0000000007b0 00000000bc3fb0 0003f 0003f 00043 00311 00000 07f00 00100 11 03 00 00 00 7f 00 01 3f 3f 43 80 
  165 0000000007bc 00000000bc3fbc 00040 0003f 00043 00312 00000 00000 00100 12 03 00 00 00 00 00 01 40 3f 43 80 
  166 0000000007c8 00000000bc3fc8 00040 0003f 00044 00312 00000 00000 001c0 12 03 00 00 00 00 c0 01 40 3f 44 80 
  167 0000000007d4 00000000bc3fd4 0003e 0003f 00042 00620 00300 08f00 002c8 20 06 00 03 00 8f c8 02 3e 3f 42 80 
  168 0000000007e0 00000000bc3fe0 0003e 0003f 00043 00621 00000 0a700 002a7 21 06 00 00 00 a7 a7 02 3e 3f 43 80 
  169 0000000007ec 00000000bc3fec 0003d 0003f 00043 00618 00100 05900 002a7 18 06 00 01 00 59 a7 02 3d 3f 43 80 
  170 0000000007f8 00000000bc3ff8 0003d 0003f 00042 00617 00100 07f00 00200 17 06 00 01 00 7f 00 02 3d 3f 42 80 
  171 000000000804 00000000bc4004 0003d 0003f 00041 00617 00100 07f00 00200 17 06 00 01 00 7f 00 02 3d 3f 41 80 
  172 000000000810 00000000bc4010 0003d 0003f 00040 00617 00100 07f00 00200 17 06 00 01 00 7f 00 02 3d 3f 40 80 
  173 00000000081c 00000000bc401c 0003d 0003f 0003f 00617 00100 07f00 00200 17 06 00 01 00 7f 00 02 3d 3f 3f 80 
  174 000000000828 00000000bc4028 0003d 0003f 0003e 00617 00100 07f00 00200 17 06 00 01 00 7f 00 02 3d 3f 3e 80 
  175 000000000834 00000000bc4034 0003d 0003f 0003d 00618 00200 05900 00259 18 06 00 02 00 59 59 02 3d 3f 3d 80 
  176 000000000840 00000000bc4040 0003e 0003f 0003d 00617 00200 00000 0027f 17 06 00 02 00 00 7f 02 3e 3f 3d 80 
  177 00000000084c 00000000bc404c 0003f 0003f 0003d 00617 00200 00000 0027f 17 06 00 02 00 00 7f 02 3f 3f 3d 80 
  178 000000000858 00000000bc4058 00040 0003f 0003d 00617 00200 00000 0027f 17 06 00 02 00 00 7f 02 40 3f 3d 80 
  179 000000000864 00000000bc4064 00041 0003f 0003d 00617 00200 00000 0027f 17 06 00 02 00 00 7f 02 41 3f 3d 80 
  180 000000000870 00000000bc4070 00042 0003f 0003d 00617 00200 00000 0027f 17 06 00 02 00 00 7f 02 42 3f 3d 80 
  181 00000000087c 00000000bc407c 00043 0003f 0003d 00617 00200 00000 0027f 17 06 00 02 00 00 7f 02 43 3f 3d 80 
  182 000000000888 00000000bc4088 00044 0003f 0003d 00622 00000 00000 0027f 22 06 00 00 00 00 7f 02 44 3f 3d 80 
  183 000000000894 00000000bc4094 00045 0003f 0003d 00617 00200 00000 0027f 17 06 00 02 00 00 7f 02 45 3f 3d 80 
  184 0000000008a0 00000000bc40a0 00046 0003f 0003d 00617 00200 00000 0027f 17 06 00 02 00 00 7f 02 46 3f 3d 80 
  185 0000000008ac 00000000bc40ac 00047 0003f 0003d 00622 00000 00000 0027f 22 06 00 00 00 00 7f 02 47 3f 3d 80 
  186 0000000008b8 00000000bc40b8 00048 0003f 0003d 00618 00300 0a700 00259 18 06 00 03 00 a7 59 02 48 3f 3d 80 
  187 0000000008c4 00000000bc40c4 00048 0003f 0003e 00617 00300 08100 00200 17 06 00 03 00 81 00 02 48 3f 3e 80 
  188 0000000008d0 00000000bc40d0 00048 0003f 0003f 00617 00300 08100 00200 17 06 00 03 00 81 00 02 48 3f 3f 80 
  189 0000000008dc 00000000bc40dc 00048 0003f 00040 00617 00300 08100 00200 17 06 00 03 00 81 00 02 48 3f 40 80 
  190 0000000008e8 00000000bc40e8 00048 0003f 00041 00617 00300 08100 00200 17 06 00 03 00 81 00 02 48 3f 41 80 
  191 0000000008f4 00000000bc40f4 00048 0003f 00042 00617 00300 08100 00200 17 06 00 03 00 81 00 02 48 3f 42 80 
  192 000000000900 00000000bc4100 00048 0003f 00043 00618 00000 0a700 002a7 18 06 00 00 00 a7 a7 02 48 3f 43 80 
  193 00000000090c 00000000bc410c 00047 0003f 00043 00621 00100 05900 002a7 21 06 00 01 00 59 a7 02 47 3f 43 80 
  194 000000000918 00000000bc4118 00047 0003f 00042 00623 00100 07100 002c8 23 06 00 01 00 71 c8 02 47 3f 42 80 
  195 000000000924 00000000bc4124 00046 0003f 00042 0051d 00200 08f00 001c8 1d 05 00 02 00 8f c8 01 46 3f 42 80 
  196 000000000930 00000000bc4130 00045 0003f 00042 0051e 00200 00000 001c0 1e 05 00 02 00 00 c0 01 45 3f 42 80 
  197 00000000093c 00000000bc413c 00044 0003f 00042 0051f 00200 07100 001c8 1f 05 00 02 00 71 c8 01 44 3f 42 80 
  198 000000000948 00000000bc4148 00043 0003f 00042 00620 00300 08f00 002c8 20 06 00 03 00 8f c8 02 43 3f 42 80 
  199 000000000954 00000000bc4154 00043 0003f 00043 00621 00000 0a700 002a7 21 06 00 00 00 a7 a7 02 43 3f 43 80 
  200 000000000960 00000000bc4160 00042 0003f 00043 00621 00100 05900 002a7 21 06 00 01 00 59 a7 02 42 3f 43 80 
  201 00000000096c 00000000bc416c 00042 0003f 00042 00623 00100 07100 002c8 23 06 00 01 00 71 c8 02 42 3f 42 80 
  202 000000000978 00000000bc4178 00047 0003f 00041 00624 00000 0d301 002d3 24 06 00 00 01 d3 d3 02 47 3f 41 80 
  203 000000000984 00000000bc4184 00047 0003f 00040 00624 00000 0c001 00200 24 06 00 00 01 c0 00 02 47 3f 40 80 
  204 000000000990 00000000bc4190 00047 0003f 0003f 00624 00000 0c001 00200 24 06 00 00 01 c0 00 02 47 3f 3f 80 
  205 00000000099c 00000000bc419c 00047 0003f 0003e 00624 00000 0d301 0022d 24 06 00 00 01 d3 2d 02 47 3f 3e 80 
  206 0000000009a8 00000000bc41a8 00046 0003f 00041 00624 00000 0e401 002c7 24 06 00 00 01 e4 c7 02 46 3f 41 80 
  207 0000000009b4 00000000bc41b4 00046 0003f 00040 00624 00000 00001 00200 24 06 00 00 01 00 00 02 46 3f 40 80 
  208 0000000009c0 00000000bc41c0 00046 0003f 0003f 00624 00000 00001 00200 24 06 00 00 01 00 00 02 46 3f 3f 80 
  209 0000000009cc 00000000bc41cc 00046 0003f 0003e 00624 00000 00001 00240 24 06 00 00 01 00 40 02 46 3f 3e 80 
  210 0000000009d8 00000000bc41d8 00045 0003f 00041 00624 00000 00001 002c0 24 06 00 00 01 00 c0 02 45 3f 41 80 
  211 0000000009e4 00000000bc41e4 00045 0003f 00040 00624 00000 00001 00200 24 06 00 00 01 00 00 02 45 3f 40 80 
  212 0000000009f0 00000000bc41f0 00045 0003f 0003f 00624 00000 00001 00200 24 06 00 00 01 00 00 02 45 3f 3f 80 
  213 0000000009fc 00000000bc41fc 00045 0003f 0003e 00624 00000 00001 00240 24 06 00 00 01 00 40 02 45 3f 3e 80 
  214 000000000a08 00000000bc4208 00044 0003f 00041 00624 00000 01c01 002c7 24 06 00 00 01 1c c7 02 44 3f 41 80 
  215 000000000a14 00000000bc4214 00044 0003f 00040 00624 00000 00001 00200 24 06 00 00 01 00 00 02 44 3f 40 80 
  216 000000000a20 00000000bc4220 00044 0003f 0003f 00624 00000 00001 00200 24 06 00 00 01 00 00 02 44 3f 3f 80 
  217 000000000a2c 00000000bc422c 00044 0003f 0003e 00624 00000 00001 00240 24 06 00 00 01 00 40 02 44 3f 3e 80 
  218 000000000a38 00000000bc4238 00043 0003f 00041 00624 00000 00001 002c0 24 06 00 00 01 00 c0 02 43 3f 41 80 
  219 000000000a44 00000000bc4244 00043 0003f 00040 00624 00000 00001 00200 24 06 00 00 01 00 00 02 43 3f 40 80 
  220 000000000a50 00000000bc4250 00043 0003f 0003f 00624 00000 00001 00200 24 06 00 00 01 00 00 02 43 3f 3f 80 
  221 000000000a5c 00000000bc425c 00043 0003f 0003e 00624 00000 00001 00240 24 06 00 00 01 00 40 02 43 3f 3e 80 
  222 000000000a68 00000000bc4268 00042 0003f 00041 00624 00000 00001 002c0 24 06 00 00 01 00 c0 02 42 3f 41 80 
  223 000000000a74 00000000bc4274 00042 0003f 00040 00624 00000 00001 00200 24 06 00 00 01 00 00 02 42 3f 40 80 
  224 000000000a80 00000000bc4280 00042 0003f 0003f 00624 00000 00001 00200 24 06 00 00 01 00 00 02 42 3f 3f 80 
  225 000000000a8c 00000000bc428c 00042 0003f 0003e 00624 00000 00001 00240 24 06 00 00 01 00 40 02 42 3f 3e 80 
  226 000000000a98 00000000bc4298 00041 0003f 00041 00624 00000 0e401 002c7 24 06 00 00 01 e4 c7 02 41 3f 41 80 
  227 000000000aa4 00000000bc42a4 00041 0003f 00040 00624 00000 00001 00200 24 06 00 00 01 00 00 02 41 3f 40 80 
  228 000000000ab0 00000000bc42b0 00041 0003f 0003f 00624 00000 00001 00200 24 06 00 00 01 00 00 02 41 3f 3f 80 
  229 000000000abc 00000000bc42bc 00041 0003f 0003e 00624 00000 00001 00240 24 06 00 00 01 00 40 02 41 3f 3e 80 
  230 000000000ac8 00000000bc42c8 00040 0003f 00041 00624 00000 00001 002c0 24 06 00 00 01 00 c0 02 40 3f 41 80 
  231 000000000ad4 00000000bc42d4 00040 0003f 00040 00624 00000 00001 00200 24 06 00 00 01 00 00 02 40 3f 40 80 
  232 000000000ae0 00000000bc42e0 00040 0003f 0003f 00624 00000 00001 00200 24 06 00 00 01 00 00 02 40 3f 3f 80 
  233 000000000aec 00000000bc42ec 00040 0003f 0003e 00624 00000 00001 00240 24 06 00 00 01 00 40 02 40 3f 3e 80 
  234 000000000af8 00000000bc42f8 0003f 0003f 00041 00624 00000 01c01 002c7 24 06 00 00 01 1c c7 02 3f 3f 41 80 
  235 000000000b04 00000000bc4304 0003f 0003f 00040 00624 00000 00001 00200 24 06 00 00 01 00 00 02 3f 3f 40 80 
  236 000000000b10 00000000bc4310 0003f 0003f 0003f 00624 00000 00001 00200 24 06 00 00 01 00 00 02 3f 3f 3f 80 
  237 000000000b1c 00000000bc431c 0003f 0003f 0003e 00624 00000 00001 00240 24 06 00 00 01 00 40 02 3f 3f 3e 80 
  238 000000000b28 00000000bc4328 0003e 0003f 00041 00624 00000 02d01 002d3 24 06 00 00 01 2d d3 02 3e 3f 41 80 
  239 000000000b34 00000000bc4334 0003e 0003f 00040 00624 00000 04001 00200 24 06 00 00 01 40 00 02 3e 3f 40 80 
  240 000000000b40 00000000bc4340 0003e 0003f 0003f 00624 00000 04001 00200 24 06 00 00 01 40 00 02 3e 3f 3f 80 
  241 000000000b4c 00000000bc434c 0003e 0003f 0003e 00624 00000 02d01 0022d 24 06 00 00 01 2d 2d 02 3e 3f 3e 80 
  242 000000000b58 00000000bc4358 00042 0003f 00044 00419 00100 04000 00100 19 04 00 01 00 40 00 01 42 3f 44 80 
  243 000000000b64 00000000bc4364 00043 0003f 00044 00419 00100 0c000 00100 19 04 00 01 00 c0 00 01 43 3f 44 80 
  244 000000000b70 00000000bc4370 00044 0003f 00044 0051c 00100 07f00 00100 1c 05 00 01 00 7f 00 01 44 3f 44 80 
  245 000000000b7c 00000000bc437c 00044 0003f 00043 00511 00000 07f00 00100 11 05 00 00 00 7f 00 01 44 3f 43 80 
  246 000000000b88 00000000bc4388 00044 0003f 00045 00510 00000 05900 001a7 10 05 00 00 00 59 a7 01 44 3f 45 80 
  247 000000000b94 00000000bc4394 00045 0003f 00045 00511 00300 00000 00181 11 05 00 03 00 00 81 01 45 3f 45 80 
  248 000000000ba0 00000000bc43a0 00046 0003f 00045 00510 00300 0a700 001a7 10 05 00 03 00 a7 a7 01 46 3f 45 80 
  249 000000000bac 00000000bc43ac 00046 0003f 00043 00511 00200 08100 00100 11 05 00 02 00 81 00 01 46 3f 43 80 
  250 000000000bb8 00000000bc43b8 00046 0003f 00044 0051c 00300 08100 00100 1c 05 00 03 00 81 00 01 46 3f 44 80 
  251 000000000bc4 00000000bc43c4 00045 0003f 00044 00512 00000 00000 001c0 12 05 00 00 00 00 c0 01 45 3f 44 80 
  252 000000000bd0 00000000bc43d0 00045 0003f 00043 00512 00000 00000 00100 12 05 00 00 00 00 00 01 45 3f 43 80 
  253 000000000bdc 00000000bc43dc 00047 0003f 00044 0ff19 00100 00000 00100 19 ff 00 01 00 00 00 01 47 3f 44 80 
  254 000000000be8 00000000bc43e8 00048 0003f 00044 0ff19 00100 00000 00200 19 ff 00 01 00 00 00 02 48 3f 44 80 
  255 000000000bf4 00000000bc43f4 00049 0003f 00044 0ff19 00100 00000 00200 19 ff 00 01 00 00 00 02 49 3f 44 80 
  256 000000000c00 00000000bc4400 0004a 0003f 00044 0ff19 00100 00000 00200 19 ff 00 01 00 00 00 02 4a 3f 44 80 
  257 000000000c0c 00000000bc440c 0004b 0003f 00044 0ff25 00100 00000 0ff00 25 ff 00 01 00 00 00 ff 4b 3f 44 80 
  258 000000000c18 00000000bc4418 00040 0003f 00046 0ff26 00200 00000 00100 26 ff 00 02 00 00 00 01 40 3f 46 80 
  259 000000000c24 00000000bc4424 00040 0003f 00047 00227 00200 00000 0017f 27 02 00 02 00 00 7f 01 40 3f 47 80 
  260 000000000c30 00000000bc4430 00041 0003f 00047 00211 00100 00000 0017f 11 02 00 01 00 00 7f 01 41 3f 47 80 
  261 000000000c3c 00000000bc443c 00042 0003f 00047 00211 00100 00000 0017f 11 02 00 01 00 00 7f 01 42 3f 47 80 
  262 000000000c48 00000000bc4448 00043 0003f 00047 00211 00100 00000 0017f 11 02 00 01 00 00 7f 01 43 3f 47 80 
  263 000000000c54 00000000bc4454 00044 0003f 00047 00210 00200 0a700 00159 10 02 00 02 00 a7 59 01 44 3f 47 80 
  264 000000000c60 00000000bc4460 00044 0003f 00048 00210 00300 0a700 001a7 10 02 00 03 00 a7 a7 01 44 3f 48 80 
  265 000000000c6c 00000000bc446c 00041 0003f 00048 00211 00300 00000 00181 11 02 00 03 00 00 81 01 41 3f 48 80 
  266 000000000c78 00000000bc4478 00042 0003f 00048 00211 00300 00000 00181 11 02 00 03 00 00 81 01 42 3f 48 80 
  267 000000000c84 00000000bc4484 00043 0003f 00048 00211 00300 00000 00181 11 02 00 03 00 00 81 01 43 3f 48 80 
  268 000000000c90 00000000bc4490 0003c 0003f 00047 00210 00100 05900 00159 10 02 00 01 00 59 59 01 3c 3f 47 80 
  269 000000000c9c 00000000bc449c 0003d 0003f 00047 00211 00100 00000 0017f 11 02 00 01 00 00 7f 01 3d 3f 47 80 
  270 000000000ca8 00000000bc44a8 0003e 0003f 00047 00211 00100 00000 0017f 11 02 00 01 00 00 7f 01 3e 3f 47 80 
  271 000000000cb4 00000000bc44b4 0003f 0003f 00047 00211 00100 00000 0017f 11 02 00 01 00 00 7f 01 3f 3f 47 80 
  272 000000000cc0 00000000bc44c0 0003f 0003f 00048 00211 00300 00000 00181 11 02 00 03 00 00 81 01 3f 3f 48 80 
  273 000000000ccc 00000000bc44cc 0003c 0003f 00048 00210 00000 05900 001a7 10 02 00 00 00 59 a7 01 3c 3f 48 80 
  274 000000000cd8 00000000bc44d8 0003d 0003f 00048 00211 00300 00000 00181 11 02 00 03 00 00 81 01 3d 3f 48 80 
  275 000000000ce4 00000000bc44e4 0003e 0003f 00048 00211 00300 00000 00181 11 02 00 03 00 00 81 01 3e 3f 48 80 
  276 000000000cf0 00000000bc44f0 00040 0003f 00048 00211 00300 00000 00181 11 02 00 03 00 00 81 01 40 3f 48 80 
  277 000000000cfc 00000000bc44fc 0003f 0003f 00046 0ff1a 00100 00000 00100 1a ff 00 01 00 00 00 01 3f 3f 46 80 
  278 000000000d08 00000000bc4508 0003e 0003f 00046 0ff19 00100 00000 00100 19 ff 00 01 00 00 00 01 3e 3f 46 78 
  279 000000000d14 00000000bc4514 0003d 0003f 00046 0ff1a 00100 00000 00100 1a ff 00 01 00 00 00 01 3d 3f 46 78 
  280 000000000d20 00000000bc4520 0003c 0003f 00046 0ff19 00100 00000 00100 19 ff 00 01 00 00 00 01 3c 3f 46 70 
  281 000000000d2c 00000000bc452c 0003b 0003f 00046 0ff1a 00100 00000 0ff00 1a ff 00 01 00 00 00 ff 3b 3f 46 70 
  282 000000000d38 00000000bc4538 0003a 0003e 00046 0ff19 00100 00000 0ff00 19 ff 00 01 00 00 00 ff 3a 3e 46 88 
  283 000000000d44 00000000bc4544 00039 00040 00043 00028 00000 00001 00081 28 00 00 00 01 00 81 00 39 40 43 80 
  284 000000000d50 00000000bc4550 00037 00040 00043 00029 00000 00001 00081 29 00 00 00 01 00 81 00 37 40 43 80 
  285 000000000d5c 00000000bc455c 00039 00040 0003d 0002a 00200 00001 0007f 2a 00 00 02 01 00 7f 00 39 40 3d 80 
  286 000000000d68 00000000bc4568 00037 00040 0003d 0002b 00200 00001 0007f 2b 00 00 02 01 00 7f 00 37 40 3d 80 
  287 000000000d74 00000000bc4574 00039 00040 0003e 0002c 00000 00000 00040 2c 00 00 00 00 00 40 00 39 40 3e 80 
  288 000000000d80 00000000bc4580 00039 00040 0003f 0002c 00000 00000 00000 2c 00 00 00 00 00 00 00 39 40 3f 80 
  289 000000000d8c 00000000bc458c 00039 00040 00040 0002c 00000 00000 00000 2c 00 00 00 00 00 00 00 39 40 40 80 
  290 000000000d98 00000000bc4598 00039 00040 00041 0002c 00000 00000 00000 2c 00 00 00 00 00 00 00 39 40 41 80 
  291 000000000da4 00000000bc45a4 00039 00040 00042 0002c 00000 00000 000c0 2c 00 00 00 00 00 c0 00 39 40 42 80 
  292 000000000db0 00000000bc45b0 00037 00040 0003e 0002c 00200 00000 00040 2c 00 00 02 00 00 40 00 37 40 3e 80 
  293 000000000dbc 00000000bc45bc 00037 00040 0003f 0002c 00200 00000 00000 2c 00 00 02 00 00 00 00 37 40 3f 80 
  294 000000000dc8 00000000bc45c8 00037 00040 00040 0002c 00200 00000 00000 2c 00 00 02 00 00 00 00 37 40 40 80 
  295 000000000dd4 00000000bc45d4 00037 00040 00041 0002c 00200 00000 00000 2c 00 00 02 00 00 00 00 37 40 41 80 
  296 000000000de0 00000000bc45e0 00037 00040 00042 0002c 00200 00000 000c0 2c 00 00 02 00 00 c0 00 37 40 42 80 
  297 000000000dec 00000000bc45ec 0003a 00040 0003d 0002d 00200 00001 0007f 2d 00 00 02 01 00 7f 00 3a 40 3d 80 
  298 000000000df8 00000000bc45f8 00036 00040 0003d 0002d 00200 00001 0007f 2d 00 00 02 01 00 7f 00 36 40 3d 80 
  299 000000000e04 00000000bc4604 0003b 00040 0003d 0002e 00300 0a701 00059 2e 00 00 03 01 a7 59 00 3b 40 3d 80 
  300 000000000e10 00000000bc4610 00035 00040 0003d 0002f 00100 05901 00059 2f 00 00 01 01 59 59 00 35 40 3d 80 
  301 000000000e1c 00000000bc461c 0003b 0003f 00043 00030 00000 0a700 000a7 30 00 00 00 00 a7 a7 00 3b 3f 43 80 
  302 000000000e28 00000000bc4628 0003b 0003f 00042 00031 00300 00000 000c0 31 00 00 03 00 00 c0 00 3b 3f 42 80 
  303 000000000e34 00000000bc4634 0003b 0003f 00041 00031 00300 00000 00000 31 00 00 03 00 00 00 00 3b 3f 41 80 
  304 000000000e40 00000000bc4640 0003b 0003f 00040 00031 00300 00000 00000 31 00 00 03 00 00 00 00 3b 3f 40 80 
  305 000000000e4c 00000000bc464c 0003b 0003f 0003f 00031 00300 00000 00000 31 00 00 03 00 00 00 00 3b 3f 3f 80 
  306 000000000e58 00000000bc4658 0003b 0003f 0003e 00031 00300 00000 00000 31 00 00 03 00 00 00 00 3b 3f 3e 80 
  307 000000000e64 00000000bc4664 0003b 0003f 0003d 00032 00300 00000 0007f 32 00 00 03 00 00 7f 00 3b 3f 3d 80 
  308 000000000e70 00000000bc4670 0003a 0003f 0003d 00033 00200 07f00 00000 33 00 00 02 00 7f 00 00 3a 3f 3d 80 
  309 000000000e7c 00000000bc467c 00039 0003f 0003d 00034 00200 04000 00000 34 00 00 02 00 40 00 00 39 3f 3d 80 
  310 000000000e88 00000000bc4688 00037 0003f 0003d 00035 00200 0c000 00000 35 00 00 02 00 c0 00 00 37 3f 3d 80 
  311 000000000e94 00000000bc4694 00036 0003f 0003d 00033 00200 08100 00000 33 00 00 02 00 81 00 00 36 3f 3d 80 
  312 000000000ea0 00000000bc46a0 00035 0003f 0003d 00036 00100 00000 0007f 36 00 00 01 00 00 7f 00 35 3f 3d 80 
  313 000000000eac 00000000bc46ac 00035 0003f 0003e 00031 00100 00000 00000 31 00 00 01 00 00 00 00 35 3f 3e 80 
  314 000000000eb8 00000000bc46b8 00035 0003f 0003f 00031 00100 00000 00000 31 00 00 01 00 00 00 00 35 3f 3f 80 
  315 000000000ec4 00000000bc46c4 00035 0003f 00040 00031 00100 00000 00000 31 00 00 01 00 00 00 00 35 3f 40 80 
  316 000000000ed0 00000000bc46d0 00035 0003f 00041 00031 00100 00000 00000 31 00 00 01 00 00 00 00 35 3f 41 80 
  317 000000000edc 00000000bc46dc 00035 0003f 00042 00031 00100 00000 000c0 31 00 00 01 00 00 c0 00 35 3f 42 80 
  318 000000000ee8 00000000bc46e8 00035 0003f 00043 00030 00100 05900 000a7 30 00 00 01 00 59 a7 00 35 3f 43 80 
  319 000000000ef4 00000000bc46f4 00036 0003f 00043 00031 00000 04000 00000 31 00 00 00 00 40 00 00 36 3f 43 80 
  320 000000000f00 00000000bc4700 00037 0003f 00043 00037 00000 0c000 00000 37 00 00 00 00 c0 00 00 37 3f 43 80 
  321 000000000f0c 00000000bc470c 00039 0003f 00043 00038 00000 04000 00000 38 00 00 00 00 40 00 00 39 3f 43 80 
  322 000000000f18 00000000bc4718 0003a 0003f 00043 00031 00000 0c000 00000 31 00 00 00 00 c0 00 00 3a 3f 43 80 
  323 000000000f24 00000000bc4724 00039 0003e 00046 0ff1a 00100 00000 0ff00 1a ff 00 01 00 00 00 ff 39 3e 46 88 
  324 000000000f30 00000000bc4730 00038 0003e 00046 0ff1b 00300 00000 00000 1b ff 00 03 00 00 00 00 38 3e 46 80 
  325 000000000f3c 00000000bc473c 00038 0003e 00045 0ff19 00000 00000 00000 19 ff 00 00 00 00 00 00 38 3e 45 80 
  326 000000000f48 00000000bc4748 00036 0003e 00043 00017 00000 00000 00081 17 00 00 00 00 00 81 00 36 3e 43 80 
  327 000000000f54 00000000bc4754 00035 0003e 00043 00018 00100 05900 000a7 18 00 00 01 00 59 a7 00 35 3e 43 80 
  328 000000000f60 00000000bc4760 00035 0003e 00042 00017 00100 07f00 00000 17 00 00 01 00 7f 00 00 35 3e 42 80 
  329 000000000f6c 00000000bc476c 00035 0003e 00041 00017 00100 07f00 00000 17 00 00 01 00 7f 00 00 35 3e 41 80 
  330 000000000f78 00000000bc4778 00035 0003e 00040 00017 00100 07f00 00000 17 00 00 01 00 7f 00 00 35 3e 40 80 
  331 000000000f84 00000000bc4784 00035 0003e 0003f 00017 00100 07f00 00000 17 00 00 01 00 7f 00 00 35 3e 3f 80 
  332 000000000f90 00000000bc4790 00035 0003e 0003e 00017 00100 07f00 00000 17 00 00 01 00 7f 00 00 35 3e 3e 80 
  333 000000000f9c 00000000bc479c 00035 0003e 0003d 00139 00200 05900 000a7 39 01 00 02 00 59 a7 00 35 3e 3d 80 
  334 000000000fa8 00000000bc47a8 00036 0003e 0003d 0013a 00200 03e00 000f1 3a 01 00 02 00 3e f1 00 36 3e 3d 80 
  335 000000000fb4 00000000bc47b4 0003b 0003e 0003d 0013b 00200 0a700 000a7 3b 01 00 02 00 a7 a7 00 3b 3e 3d 80 
  336 000000000fc0 00000000bc47c0 0003a 0003e 0003d 0013a 00200 0c200 000f1 3a 01 00 02 00 c2 f1 00 3a 3e 3d 80 
  337 000000000fcc 00000000bc47cc 0003b 0003e 0003c 0013c 00200 08100 00000 3c 01 00 02 00 81 00 00 3b 3e 3c 80 
  338 000000000fd8 00000000bc47d8 0003b 0003e 0003b 0013d 00200 0a700 00059 3d 01 00 02 00 a7 59 00 3b 3e 3b 80 
  339 000000000fe4 00000000bc47e4 0003a 0003e 0003b 0013c 00100 00000 0007f 3c 01 00 01 00 00 7f 00 3a 3e 3b 80 
  340 000000000ff0 00000000bc47f0 00039 0003e 0003b 0013c 00100 00000 0007f 3c 01 00 01 00 00 7f 00 39 3e 3b 80 
  341 000000000ffc 00000000bc47fc 00038 0003e 0003b 0013c 00100 00000 0007f 3c 01 00 01 00 00 7f 00 38 3e 3b 80 
  342 000000001008 00000000bc4808 00037 0003e 0003b 0013c 00100 00000 0007f 3c 01 00 01 00 00 7f 00 37 3e 3b 80 
  343 000000001014 00000000bc4814 00036 0003e 0003b 0013c 00100 00000 0007f 3c 01 00 01 00 00 7f 00 36 3e 3b 80 
  344 000000001020 00000000bc4820 00035 0003e 0003b 0013d 00100 05900 00059 3d 01 00 01 00 59 59 00 35 3e 3b 80 
  345 00000000102c 00000000bc482c 00035 0003e 0003c 0013c 00000 07f00 00000 3c 01 00 00 00 7f 00 00 35 3e 3c 80 
  346 000000001038 00000000bc4838 00036 0003e 0003c 00112 00000 02d00 0002d 12 01 00 00 00 2d 2d 00 36 3e 3c 80 
  347 000000001044 00000000bc4844 00037 0003e 0003c 00112 00000 0e400 00039 12 01 00 00 00 e4 39 00 37 3e 3c 80 
  348 000000001050 00000000bc4850 00038 0003e 0003c 00112 00000 00000 00040 12 01 00 00 00 00 40 00 38 3e 3c 80 
  349 00000000105c 00000000bc485c 00039 0003e 0003c 00112 00000 01c00 00039 12 01 00 00 00 1c 39 00 39 3e 3c 80 
  350 000000001068 00000000bc4868 0003a 0003e 0003c 00112 00000 0d300 0002d 12 01 00 00 00 d3 2d 00 3a 3e 3c 80 
  351 000000001074 00000000bc4874 00038 0003e 00044 0ff19 00000 00000 00000 19 ff 00 00 00 00 00 00 38 3e 44 80 
  352 000000001080 00000000bc4880 00039 0003e 00043 0003e 00000 00000 00081 3e 00 00 00 00 00 81 00 39 3e 43 80 
  353 00000000108c 00000000bc488c 00037 0003e 00043 0003f 00000 00000 00081 3f 00 00 00 00 00 81 00 37 3e 43 80 
  354 000000001098 00000000bc4898 00037 0003e 0003d 00140 00200 0e400 000c7 40 01 00 02 00 e4 c7 00 37 3e 3d 80 
  355 0000000010a4 00000000bc48a4 00039 0003e 0003d 00141 00200 01c00 000c7 41 01 00 02 00 1c c7 00 39 3e 3d 80 
  356 0000000010b0 00000000bc48b0 0003a 0003e 00042 00024 00000 0d301 000d3 24 00 00 00 01 d3 d3 00 3a 3e 42 80 
  357 0000000010bc 00000000bc48bc 0003a 0003e 00041 00024 00000 0c001 00000 24 00 00 00 01 c0 00 00 3a 3e 41 80 
  358 0000000010c8 00000000bc48c8 0003a 0003e 00040 00024 00000 0c001 00000 24 00 00 00 01 c0 00 00 3a 3e 40 80 
  359 0000000010d4 00000000bc48d4 0003a 0003e 0003f 00024 00000 0c401 00014 24 00 00 00 01 c4 14 00 3a 3e 3f 80 
  360 0000000010e0 00000000bc48e0 0003a 0003e 0003e 00024 00000 0a701 00059 24 00 00 00 01 a7 59 00 3a 3e 3e 80 
  361 0000000010ec 00000000bc48ec 00039 0003e 00042 00024 00000 00001 000c0 24 00 00 00 01 00 c0 00 39 3e 42 80 
  362 0000000010f8 00000000bc48f8 00039 0003e 00041 00024 00000 00001 00000 24 00 00 00 01 00 00 00 39 3e 41 80 
  363 000000001104 00000000bc4904 00039 0003e 00040 00024 00000 00001 00000 24 00 00 00 01 00 00 00 39 3e 40 80 
  364 000000001110 00000000bc4910 00039 0003e 0003f 00024 00000 00001 00040 24 00 00 00 01 00 40 00 39 3e 3f 80 
  365 00000000111c 00000000bc491c 00039 0003e 0003e 00024 00000 02d01 0002d 24 00 00 00 01 2d 2d 00 39 3e 3e 80 
  366 000000001128 00000000bc4928 00037 0003e 00042 00024 00000 00001 000c0 24 00 00 00 01 00 c0 00 37 3e 42 80 
  367 000000001134 00000000bc4934 00037 0003e 00041 00024 00000 00001 00000 24 00 00 00 01 00 00 00 37 3e 41 80 
  368 000000001140 00000000bc4940 00037 0003e 00040 00024 00000 00001 00000 24 00 00 00 01 00 00 00 37 3e 40 80 
  369 00000000114c 00000000bc494c 00037 0003e 0003f 00024 00000 00001 00040 24 00 00 00 01 00 40 00 37 3e 3f 80 
  370 000000001158 00000000bc4958 00037 0003e 0003e 00024 00000 0d301 0002d 24 00 00 00 01 d3 2d 00 37 3e 3e 80 
  371 000000001164 00000000bc4964 00036 0003e 00042 00024 00000 02d01 000d3 24 00 00 00 01 2d d3 00 36 3e 42 80 
  372 000000001170 00000000bc4970 00036 0003e 00041 00024 00000 04001 00000 24 00 00 00 01 40 00 00 36 3e 41 80 
  373 00000000117c 00000000bc497c 00036 0003e 00040 00024 00000 04001 00000 24 00 00 00 01 40 00 00 36 3e 40 80 
  374 000000001188 00000000bc4988 00036 0003e 0003f 00024 00000 03c01 00014 24 00 00 00 01 3c 14 00 36 3e 3f 80 
  375 000000001194 00000000bc4994 00036 0003e 0003e 00024 00000 05901 00059 24 00 00 00 01 59 59 00 36 3e 3e 80 
  376 0000000011a0 00000000bc49a0 00047 00040 0003c 0ff19 00000 00000 00200 19 ff 00 00 00 00 00 02 47 40 3c 80 
  377 0000000011ac 00000000bc49ac 00047 00040 0003b 0070a 00200 00001 00281 0a 07 00 02 01 00 81 02 47 40 3b 80 
  378 0000000011b8 00000000bc49b8 00046 00040 0003b 00701 00000 00001 00281 01 07 00 00 01 00 81 02 46 40 3b 80 
  379 0000000011c4 00000000bc49c4 00045 00040 0003b 00701 00000 00001 00281 01 07 00 00 01 00 81 02 45 40 3b 80 
  380 0000000011d0 00000000bc49d0 00044 00040 0003b 00709 00200 00001 00281 09 07 00 02 01 00 81 02 44 40 3b 80 
  381 0000000011dc 00000000bc49dc 00047 0003f 0003b 00722 00200 00000 00281 22 07 00 02 00 00 81 02 47 3f 3b 80 
  382 0000000011e8 00000000bc49e8 00046 0003f 0003b 00717 00000 00000 00281 17 07 00 00 00 00 81 02 46 3f 3b 80 
  383 0000000011f4 00000000bc49f4 00045 0003f 0003b 00717 00000 00000 00281 17 07 00 00 00 00 81 02 45 3f 3b 80 
  384 000000001200 00000000bc4a00 00044 0003f 0003b 00722 00200 00000 00281 22 07 00 02 00 00 81 02 44 3f 3b 80 
  385 00000000120c 00000000bc4a0c 00048 00040 0003b 00742 00300 0a701 002a7 42 07 00 03 01 a7 a7 02 48 40 3b 80 
  386 000000001218 00000000bc4a18 00048 0003f 0003b 00743 00300 0a700 002a7 43 07 00 03 00 a7 a7 02 48 3f 3b 80 
  387 000000001224 00000000bc4a24 00043 00040 0003b 00744 00100 05901 002a7 44 07 00 01 01 59 a7 02 43 40 3b 80 
  388 000000001230 00000000bc4a30 00043 0003f 0003b 00745 00100 05900 002a7 45 07 00 01 00 59 a7 02 43 3f 3b 80 
  389 00000000123c 00000000bc4a3c 00048 00040 0003a 00746 00300 08101 00200 46 07 00 03 01 81 00 02 48 40 3a 80 
  390 000000001248 00000000bc4a48 00048 00040 00039 00747 00300 08101 00200 47 07 00 03 01 81 00 02 48 40 39 80 
  391 000000001254 00000000bc4a54 00043 00040 0003a 00747 00100 07f01 00200 47 07 00 01 01 7f 00 02 43 40 3a 80 
  392 000000001260 00000000bc4a60 00043 00040 00039 00746 00100 07f01 00200 46 07 00 01 01 7f 00 02 43 40 39 80 
  393 00000000126c 00000000bc4a6c 00048 0003f 0003a 00748 00300 08100 00200 48 07 00 03 00 81 00 02 48 3f 3a 80 
  394 000000001278 00000000bc4a78 00048 0003f 00039 00749 00300 08101 00200 49 07 00 03 01 81 00 02 48 3f 39 80 
  395 000000001284 00000000bc4a84 00043 0003f 0003a 00749 00100 07f01 00200 49 07 00 01 01 7f 00 02 43 3f 3a 80 
  396 000000001290 00000000bc4a90 00043 0003f 00039 00748 00100 07f00 00200 48 07 00 01 00 7f 00 02 43 3f 39 80 
  397 00000000129c 00000000bc4a9c 00043 00040 00038 00742 00100 05901 00259 42 07 00 01 01 59 59 02 43 40 38 80 
  398 0000000012a8 00000000bc4aa8 00048 00040 00038 00744 00300 0a701 00259 44 07 00 03 01 a7 59 02 48 40 38 80 
  399 0000000012b4 00000000bc4ab4 00048 0003f 00038 00745 00300 0a700 00259 45 07 00 03 00 a7 59 02 48 3f 38 80 
  400 0000000012c0 00000000bc4ac0 00043 0003f 00038 00743 00100 05900 00259 43 07 00 01 00 59 59 02 43 3f 38 80 
  401 0000000012cc 00000000bc4acc 00044 00040 00038 00701 00200 00001 0027f 01 07 00 02 01 00 7f 02 44 40 38 80 
  402 0000000012d8 00000000bc4ad8 00045 00040 00038 00701 00200 00001 0027f 01 07 00 02 01 00 7f 02 45 40 38 80 
  403 0000000012e4 00000000bc4ae4 00046 00040 00038 00708 00200 00000 0027f 08 07 00 02 00 00 7f 02 46 40 38 80 
  404 0000000012f0 00000000bc4af0 00047 00040 00038 00701 00200 00001 0027f 01 07 00 02 01 00 7f 02 47 40 38 80 
  405 0000000012fc 00000000bc4afc 00044 0003f 00038 00717 00200 00000 0027f 17 07 00 02 00 00 7f 02 44 3f 38 80 
  406 000000001308 00000000bc4b08 00045 0003f 00038 00717 00200 00000 0027f 17 07 00 02 00 00 7f 02 45 3f 38 80 
  407 000000001314 00000000bc4b14 00046 0003f 00038 00717 00200 00000 0027f 17 07 00 02 00 00 7f 02 46 3f 38 80 
  408 000000001320 00000000bc4b20 00047 0003f 00038 00717 00200 00000 0027f 17 07 00 02 00 00 7f 02 47 3f 38 80 
  409 00000000132c 00000000bc4b2c 00047 00040 0003a 00700 00000 0d300 002d3 00 07 00 00 00 d3 d3 02 47 40 3a 80 
  410 000000001338 00000000bc4b38 00047 00040 00039 00700 00000 0d300 0022d 00 07 00 00 00 d3 2d 02 47 40 39 80 
  411 000000001344 00000000bc4b44 00046 00040 0003a 00700 00000 00000 002c0 00 07 00 00 00 00 c0 02 46 40 3a 80 
  412 000000001350 00000000bc4b50 00046 00040 00039 00700 00000 00000 00240 00 07 00 00 00 00 40 02 46 40 39 80 
  413 00000000135c 00000000bc4b5c 00045 00040 0003a 00700 00000 00000 002c0 00 07 00 00 00 00 c0 02 45 40 3a 80 
  414 000000001368 00000000bc4b68 00045 00040 00039 00700 00000 00000 00240 00 07 00 00 00 00 40 02 45 40 39 80 
  415 000000001374 00000000bc4b74 00044 00040 0003a 00700 00000 02d00 002d3 00 07 00 00 00 2d d3 02 44 40 3a 80 
  416 000000001380 00000000bc4b80 00044 00040 00039 00700 00000 02d00 0022d 00 07 00 00 00 2d 2d 02 44 40 39 80 
  417 00000000138c 00000000bc4b8c 00047 0003f 0003a 00724 00000 0d301 002d3 24 07 00 00 01 d3 d3 02 47 3f 3a 80 
  418 000000001398 00000000bc4b98 00047 0003f 00039 00724 00000 0d301 0022d 24 07 00 00 01 d3 2d 02 47 3f 39 80 
  419 0000000013a4 00000000bc4ba4 00046 0003f 0003a 00724 00000 00001 002c0 24 07 00 00 01 00 c0 02 46 3f 3a 80 
  420 0000000013b0 00000000bc4bb0 00046 0003f 00039 00724 00000 00001 00240 24 07 00 00 01 00 40 02 46 3f 39 80 
  421 0000000013bc 00000000bc4bbc 00045 0003f 0003a 00724 00000 00001 002c0 24 07 00 00 01 00 c0 02 45 3f 3a 80 
  422 0000000013c8 00000000bc4bc8 00045 0003f 00039 00724 00000 00001 00240 24 07 00 00 01 00 40 02 45 3f 39 80 
  423 0000000013d4 00000000bc4bd4 00044 0003f 0003a 00724 00000 02d01 002d3 24 07 00 00 01 2d d3 02 44 3f 3a 80 
  424 0000000013e0 00000000bc4be0 00044 0003f 00039 00724 00000 02d01 0022d 24 07 00 00 01 2d 2d 02 44 3f 39 80 
  425 0000000013ec 00000000bc4bec 00046 00040 00037 0ff1b 00100 00000 00200 1b ff 00 01 00 00 00 02 46 40 37 80 
  426 0000000013f8 00000000bc4bf8 00045 00040 00037 0ff19 00100 00000 00200 19 ff 00 01 00 00 00 02 45 40 37 80 
  427 000000001404 00000000bc4c04 00044 00040 00037 0ff19 00100 00000 00200 19 ff 00 01 00 00 00 02 44 40 37 80 
  428 000000001410 00000000bc4c10 00043 00040 00037 0ff19 00100 00000 00200 19 ff 00 01 00 00 00 02 43 40 37 80 
  429 00000000141c 00000000bc4c1c 00042 00040 00037 0ff19 00100 00000 0ff00 19 ff 00 01 00 00 00 ff 42 40 37 80 
  430 000000001428 00000000bc4c28 00041 00040 00037 0ff19 00100 00000 0ff00 19 ff 00 01 00 00 00 ff 41 40 37 80 
  431 000000001434 00000000bc4c34 00040 00040 00037 0ff25 00300 00000 0ff00 25 ff 00 03 00 00 00 ff 40 40 37 80 
  432 000000001440 00000000bc4c40 0003b 00040 00036 0ff4a 00000 00000 0ff00 4a ff 00 00 00 00 00 ff 3b 40 36 80 
  433 00000000144c 00000000bc4c4c 00033 00040 0003c 0ff4a 00100 00000 0ff00 4a ff 00 01 00 00 00 ff 33 40 3c 80 
  434 000000001458 00000000bc4c58 00046 0003f 00047 0ff4b 00100 00000 0ff00 4b ff 00 01 00 00 00 ff 46 3f 47 80 
  435 000000001464 00000000bc4c64 00047 0003f 00048 0ff4b 00000 00000 0ff00 4b ff 00 00 00 00 00 ff 47 3f 48 80 
  436 000000001470 00000000bc4c70 00048 0003f 00047 0ff4b 00300 00000 0ff00 4b ff 00 03 00 00 00 ff 48 3f 47 80 
  437 00000000147c 00000000bc4c7c 0004b 0003f 00047 0ff4b 00100 00000 0ff00 4b ff 00 01 00 00 00 ff 4b 3f 47 80 
  438 000000001488 00000000bc4c88 0004d 0003f 00047 0ff4b 00300 00000 0ff00 4b ff 00 03 00 00 00 ff 4d 3f 47 80 
  439 000000001494 00000000bc4c94  BLANK  BLANK  BLANK 0ff00 00000 00000 0ff00 00 ff 00 00 00 00 00 ff ff 00 00 00 
  440 0000000014a0 00000000bc4ca0  BLANK  BLANK  BLANK 0ff00 00000 00000 0ff00 00 ff 00 00 00 00 00 ff ff 00 00 00 
  441 0000000014ac 00000000bc4cac  BLANK  BLANK  BLANK 0ff00 00000 00001 0ff00 00 ff 00 00 01 00 00 ff ff 00 00 00 
  442 0000000014b8 00000000bc4cb8  BLANK  BLANK  BLANK 0ff00 00000 00001 0ff00 00 ff 00 00 01 00 00 ff ff 00 00 00 
  443 0000000014c4 00000000bc4cc4  BLANK  BLANK  BLANK 0ff00 00000 00001 0ff00 00 ff 00 00 01 00 00 ff ff 00 00 00 
  444 0000000014d0 00000000bc4cd0  BLANK  BLANK  BLANK 0ff00 00000 00001 0ff00 00 ff 00 00 01 00 00 ff ff 00 00 00 
  445 0000000014dc 00000000bc4cdc  BLANK  BLANK  BLANK 0ff00 00000 00000 0ff00 00 ff 00 00 00 00 00 ff ff 00 00 00 
  446 0000000014e8 00000000bc4ce8  BLANK  BLANK  BLANK 0ff00 00000 00000 0ff00 00 ff 00 00 00 00 00 ff ff 00 00 00 
  447 0000000014f4 00000000bc4cf4  BLANK  BLANK  BLANK 0ff00 00000 00000 0ff00 00 ff 00 00 00 00 00 ff ff 00 00 00 
  448 000000001500 00000000bc4d00  BLANK  BLANK  BLANK 0ff00 00000 00000 0ff00 00 ff 00 00 00 00 00 ff ff 00 00 00 
  449 00000000150c 00000000bc4d0c  BLANK  BLANK  BLANK 0ff00 00000 00000 0ff00 00 ff 00 00 00 00 00 ff ff 00 00 00 
  450 000000001518 00000000bc4d18  BLANK  BLANK  BLANK 0ff00 00000 00000 0ff00 00 ff 00 00 00 00 00 ff ff 00 00 00 
  451 000000001524 00000000bc4d24  BLANK  BLANK  BLANK 0ff00 00000 00000 0ff00 00 ff 00 00 00 00 00 ff ff 00 00 00 
  452 000000001530 00000000bc4d30  BLANK  BLANK  BLANK 0ff00 00000 00000 0ff00 00 ff 00 00 00 00 00 ff ff 00 00 00 
  453 00000000153c 00000000bc4d3c  BLANK  BLANK  BLANK 0ff00 00000 00000 0ff00 00 ff 00 00 00 00 00 ff ff 00 00 00 
  454 000000001548 00000000bc4d48  BLANK  BLANK  BLANK 0ff00 00000 00000 0ff00 00 ff 00 00 00 00 00 ff ff 00 00 00 
  455 000000001554 00000000bc4d54  BLANK  BLANK  BLANK 0ff00 00000 00000 0ff00 00 ff 00 00 00 00 00 ff ff 00 00 00 
  456 000000001560 00000000bc4d60  BLANK  BLANK  BLANK 0ff00 00000 00000 0ff00 00 ff 00 00 00 00 00 ff ff 00 00 00 
  457 00000000156c 00000000bc4d6c  BLANK  BLANK  BLANK 0ff00 00000 00000 0ff00 00 ff 00 00 00 00 00 ff ff 00 00 00 
  458 000000001578 00000000bc4d78  BLANK  BLANK  BLANK 0ff00 00000 00000 0ff00 00 ff 00 00 00 00 00 ff ff 00 00 00 
  459 000000001584 00000000bc4d84  BLANK  BLANK  BLANK 0ff00 00000 00000 0ff00 00 ff 00 00 00 00 00 ff ff 00 00 00 
  460 000000001590 00000000bc4d90  BLANK  BLANK  BLANK 0ff00 00000 00000 0ff00 00 ff 00 00 00 00 00 ff ff 00 00 00 
  461 00000000159c 00000000bc4d9c  BLANK  BLANK  BLANK 0ff00 00000 00000 0ff00 00 ff 00 00 00 00 00 ff ff 00 00 00 
  462 0000000015a8 00000000bc4da8  BLANK  BLANK  BLANK 0ff00 00000 00000 0ff00 00 ff 00 00 00 00 00 ff ff 00 00 00 
  463 0000000015b4 00000000bc4db4  BLANK  BLANK  BLANK 0ff00 00000 00000 0ff00 00 ff 00 00 00 00 00 ff ff 00 00 00 
  464 0000000015c0 00000000bc4dc0  BLANK  BLANK  BLANK 0ff00 00000 00000 0ff00 00 ff 00 00 00 00 00 ff ff 00 00 00 
  465 0000000015cc 00000000bc4dcc  BLANK  BLANK  BLANK 0ff00 00000 00000 0ff00 00 ff 00 00 00 00 00 ff ff 00 00 00 
  466 0000000015d8 00000000bc4dd8  BLANK  BLANK  BLANK 0ff00 00000 00000 0ff00 00 ff 00 00 00 00 00 ff ff 00 00 00 
  467 0000000015e4 00000000bc4de4  BLANK  BLANK  BLANK 0ff00 00000 00000 0ff00 00 ff 00 00 00 00 00 ff ff 00 00 00 
  468 0000000015f0 00000000bc4df0  BLANK  BLANK  BLANK 0ff00 00000 00000 0ff00 00 ff 00 00 00 00 00 ff ff 00 00 00 
  469 0000000015fc 00000000bc4dfc  BLANK  BLANK  BLANK 0ff00 00000 00000 0ff00 00 ff 00 00 00 00 00 ff ff 00 00 00 
  470 000000001608 00000000bc4e08  BLANK  BLANK  BLANK 0ff00 00000 00000 0ff00 00 ff 00 00 00 00 00 ff ff 00 00 00 
  471 000000001614 00000000bc4e14  BLANK  BLANK  BLANK 0ff00 00000 00000 0ff00 00 ff 00 00 00 00 00 ff ff 00 00 00 
  472 000000001620 00000000bc4e20  BLANK  BLANK  BLANK 0ff00 00000 00000 0ff00 00 ff 00 00 00 00 00 ff ff 00 00 00 
  473 00000000162c 00000000bc4e2c  BLANK  BLANK  BLANK 0ff00 00000 00000 0ff00 00 ff 00 00 00 00 00 ff ff 00 00 00 
  474 000000001638 00000000bc4e38  BLANK  BLANK  BLANK 0ff00 00000 00000 0ff00 00 ff 00 00 00 00 00 ff ff 00 00 00 
  475 000000001644 00000000bc4e44  BLANK  BLANK  BLANK 0ff00 00000 00000 0ff00 00 ff 00 00 00 00 00 ff ff 00 00 00 
  476 000000001650 00000000bc4e50  BLANK  BLANK  BLANK 0ff00 00000 00000 0ff00 00 ff 00 00 00 00 00 ff ff 00 00 00 
  477 00000000165c 00000000bc4e5c  BLANK  BLANK  BLANK 0ff00 00000 00000 0ff00 00 ff 00 00 00 00 00 ff ff 00 00 00 
  478 000000001668 00000000bc4e68  BLANK  BLANK  BLANK 0ff00 00000 00000 0ff00 00 ff 00 00 00 00 00 ff ff 00 00 00 
  479 000000001674 00000000bc4e74  BLANK  BLANK  BLANK 0ff00 00000 00000 0ff00 00 ff 00 00 00 00 00 ff ff 00 00 00 
  480 000000001680 00000000bc4e80  BLANK  BLANK  BLANK 0ff00 00000 00000 0ff00 00 ff 00 00 00 00 00 ff ff 00 00 00 
  481 00000000168c 00000000bc4e8c  BLANK  BLANK  BLANK 0ff00 00000 00000 0ff00 00 ff 00 00 00 00 00 ff ff 00 00 00 
  482 000000001698 00000000bc4e98  BLANK  BLANK  BLANK 0ff00 00000 00000 0ff00 00 ff 00 00 00 00 00 ff ff 00 00 00 
  483 0000000016a4 00000000bc4ea4  BLANK  BLANK  BLANK 0ff00 00000 00000 0ff00 00 ff 00 00 00 00 00 ff ff 00 00 00 
  484 0000000016b0 00000000bc4eb0  BLANK  BLANK  BLANK 0ff00 00000 00000 0ff00 00 ff 00 00 00 00 00 ff ff 00 00 00 
  485 0000000016bc 00000000bc4ebc  BLANK  BLANK  BLANK 0ff00 00000 00000 0ff00 00 ff 00 00 00 00 00 ff ff 00 00 00 
  486 0000000016c8 00000000bc4ec8  BLANK  BLANK  BLANK 0ff00 00000 00000 0ff00 00 ff 00 00 00 00 00 ff ff 00 00 00 
  487 0000000016d4 00000000bc4ed4  BLANK  BLANK  BLANK 0ff00 00000 00000 0ff00 00 ff 00 00 00 00 00 ff ff 00 00 00 
  488 0000000016e0 00000000bc4ee0  BLANK  BLANK  BLANK 0ff00 00000 00000 0ff00 00 ff 00 00 00 00 00 ff ff 00 00 00 
  489 0000000016ec 00000000bc4eec  BLANK  BLANK  BLANK 0ff00 00000 00000 0ff00 00 ff 00 00 00 00 00 ff ff 00 00 00 
  490 0000000016f8 00000000bc4ef8  BLANK  BLANK  BLANK 0ff00 00000 00000 0ff00 00 ff 00 00 00 00 00 ff ff 00 00 00 
  491 000000001704 00000000bc4f04  BLANK  BLANK  BLANK 0ff00 00000 00000 0ff00 00 ff 00 00 00 00 00 ff ff 00 00 00 
  492 000000001710 00000000bc4f10  BLANK  BLANK  BLANK 0ff00 00000 00000 0ff00 00 ff 00 00 00 00 00 ff ff 00 00 00 
  493 00000000171c 00000000bc4f1c  BLANK  BLANK  BLANK 0ff00 00000 00000 0ff00 00 ff 00 00 00 00 00 ff ff 00 00 00 
  494 000000001728 00000000bc4f28  BLANK  BLANK  BLANK 0ff00 00000 00000 0ff00 00 ff 00 00 00 00 00 ff ff 00 00 00 
  495 000000001734 00000000bc4f34  BLANK  BLANK  BLANK 0ff00 00000 00000 0ff00 00 ff 00 00 00 00 00 ff ff 00 00 00 
  496 000000001740 00000000bc4f40  BLANK  BLANK  BLANK 0ff00 00000 00000 0ff00 00 ff 00 00 00 00 00 ff ff 00 00 00 
  497 00000000174c 00000000bc4f4c  BLANK  BLANK  BLANK 0ff00 00000 00000 0ff00 00 ff 00 00 00 00 00 ff ff 00 00 00 
  498 000000001758 00000000bc4f58  BLANK  BLANK  BLANK 0ff00 00000 00000 0ff00 00 ff 00 00 00 00 00 ff ff 00 00 00 
  499 000000001764 00000000bc4f64  BLANK  BLANK  BLANK 0ff00 00000 00000 0ff00 00 ff 00 00 00 00 00 ff ff 00 00 00 
  500 000000001770 00000000bc4f70  BLANK  BLANK  BLANK 0ff00 00000 00001 0ff00 00 ff 00 00 01 00 00 ff ff 00 00 00 
  501 00000000177c 00000000bc4f7c  BLANK  BLANK  BLANK 0ff00 00000 00001 0ff00 00 ff 00 00 01 00 00 ff ff 00 00 00 
  502 000000001788 00000000bc4f88  BLANK  BLANK  BLANK 0ff00 00000 00001 0ff00 00 ff 00 00 01 00 00 ff ff 00 00 00 
  503 000000001794 00000000bc4f94  BLANK  BLANK  BLANK 0ff00 00000 00001 0ff00 00 ff 00 00 01 00 00 ff ff 00 00 00 
  504 0000000017a0 00000000bc4fa0  BLANK  BLANK  BLANK 0ff00 00000 00001 0ff00 00 ff 00 00 01 00 00 ff ff 00 00 00 
  505 0000000017ac 00000000bc4fac  BLANK  BLANK  BLANK 0ff00 00000 00001 0ff00 00 ff 00 00 01 00 00 ff ff 00 00 00 
  506 0000000017b8 00000000bc4fb8  BLANK  BLANK  BLANK 0ff00 00000 00001 0ff00 00 ff 00 00 01 00 00 ff ff 00 00 00 
  507 0000000017c4 00000000bc4fc4  BLANK  BLANK  BLANK 0ff00 00000 00001 0ff00 00 ff 00 00 01 00 00 ff ff 00 00 00 
  508 0000000017d0 00000000bc4fd0  BLANK  BLANK  BLANK 0ff00 00000 00001 0ff00 00 ff 00 00 01 00 00 ff ff 00 00 00 
  509 0000000017dc 00000000bc4fdc  BLANK  BLANK  BLANK 0ff00 00000 00001 0ff00 00 ff 00 00 01 00 00 ff ff 00 00 00 
  510 0000000017e8 00000000bc4fe8  BLANK  BLANK  BLANK 0ff00 00000 00001 0ff00 00 ff 00 00 01 00 00 ff ff 00 00 00 
  511 0000000017f4 00000000bc4ff4  BLANK  BLANK  BLANK 0ff00 00000 00001 0ff00 00 ff 00 00 01 00 00 ff ff 00 00 00 

========================================================================================================================
Summary for death_world_dark_castle_layer:
  Total tiles: 512
  Non-blank tiles: 439
  Blank tiles: 73
