Area: death_world_lingering_curse_layer
Index: 26
========================================================================================================================

Tile Format (12 bytes = 0x0C):
  Offset 0x00-0x01: x position (UInt16)
  Offset 0x02-0x03: y position (UInt16)
  Offset 0x04-0x05: z position (UInt16)
  Offset 0x06-0x07: rotation_z (UInt16)
  Offset 0x08: tileX (UInt8) - blank if 0xFF
  Offset 0x09: tileY (UInt8)
  Offset 0x0A: tileZ (UInt8)
  Offset 0x0B: unknown (UInt8)
========================================================================================================================

Index OffsetInFile AbsoluteOffset TileX TileY TileZ PosX  PosY  PosZ  RotZ  RawBytes (hex)
------------------------------------------------------------------------------------------------------------------------
    0 000000000000 0000000074f800 00047 0003f 0003f 0ff00 00300 00000 0ff00 00 ff 00 03 00 00 00 ff 47 3f 3f 80 
    1 00000000000c 0000000074f80c 00047 00040 0003c 0ff01 00100 00000 00300 01 ff 00 01 00 00 00 03 47 40 3c 80 
    2 000000000018 0000000074f818 00046 0003e 0003d 0ff01 00000 00000 00100 01 ff 00 00 00 00 00 01 46 3e 3d 80 
    3 000000000024 0000000074f824 00047 0003e 0003d 0ff01 00000 00000 00100 01 ff 00 00 00 00 00 01 47 3e 3d 80 
    4 000000000030 0000000074f830 00048 0003e 0003d 0ff01 00000 00000 00100 01 ff 00 00 00 00 00 01 48 3e 3d 80 
    5 00000000003c 0000000074f83c 00049 0003e 0003d 0ff02 00000 00000 0ff00 02 ff 00 00 00 00 00 ff 49 3e 3d 80 
    6 000000000048 0000000074f848 00049 0003e 0003c 0ff01 00100 00000 00300 01 ff 00 01 00 00 00 03 49 3e 3c 80 
    7 000000000054 0000000074f854 00045 00040 00038 00403 00100 07f01 00300 03 04 00 01 01 7f 00 03 45 40 38 80 
    8 000000000060 0000000074f860 00045 00040 00035 00404 00100 05900 00359 04 04 00 01 00 59 59 03 45 40 35 80 
    9 00000000006c 0000000074f86c 00045 00040 00037 00403 00100 07f01 00300 03 04 00 01 01 7f 00 03 45 40 37 80 
   10 000000000078 0000000074f878 00045 00040 00036 00403 00100 07f01 00300 03 04 00 01 01 7f 00 03 45 40 36 80 
   11 000000000084 0000000074f884 00045 00040 00039 00403 00100 07f01 00300 03 04 00 01 01 7f 00 03 45 40 39 80 
   12 000000000090 0000000074f890 00045 00040 0003a 00404 00000 05900 003a7 04 04 00 00 00 59 a7 03 45 40 3a 80 
   13 00000000009c 0000000074f89c 00046 00040 00035 00403 00200 00001 0037f 03 04 00 02 01 00 7f 03 46 40 35 80 
   14 0000000000a8 0000000074f8a8 00046 00040 0003a 00403 00000 00001 00381 03 04 00 00 01 00 81 03 46 40 3a 80 
   15 0000000000b4 0000000074f8b4 00047 00040 00035 00403 00200 00001 0037f 03 04 00 02 01 00 7f 03 47 40 35 80 
   16 0000000000c0 0000000074f8c0 00047 00040 0003a 00405 00000 00000 00381 05 04 00 00 00 00 81 03 47 40 3a 80 
   17 0000000000cc 0000000074f8cc 00048 00040 00035 00403 00200 00001 0037f 03 04 00 02 01 00 7f 03 48 40 35 80 
   18 0000000000d8 0000000074f8d8 00048 00040 0003a 00403 00000 00001 00381 03 04 00 00 01 00 81 03 48 40 3a 80 
   19 0000000000e4 0000000074f8e4 0004a 00040 00035 00403 00200 00001 0037f 03 04 00 02 01 00 7f 03 4a 40 35 80 
   20 0000000000f0 0000000074f8f0 00049 00040 0003a 00403 00000 00001 00381 03 04 00 00 01 00 81 03 49 40 3a 80 
   21 0000000000fc 0000000074f8fc 00049 00040 00035 00403 00200 00001 0037f 03 04 00 02 01 00 7f 03 49 40 35 80 
   22 000000000108 0000000074f908 0004a 00040 0003a 00403 00000 00001 00381 03 04 00 00 01 00 81 03 4a 40 3a 80 
   23 000000000114 0000000074f914 0004b 00040 00036 00403 00300 08101 00300 03 04 00 03 01 81 00 03 4b 40 36 80 
   24 000000000120 0000000074f920 0004b 00040 00035 00404 00200 0a700 00359 04 04 00 02 00 a7 59 03 4b 40 35 80 
   25 00000000012c 0000000074f92c 0004b 00040 00037 00403 00300 08101 00300 03 04 00 03 01 81 00 03 4b 40 37 80 
   26 000000000138 0000000074f938 0004b 00040 00038 00403 00300 08101 00300 03 04 00 03 01 81 00 03 4b 40 38 80 
   27 000000000144 0000000074f944 0004b 00040 00039 00403 00300 08101 00300 03 04 00 03 01 81 00 03 4b 40 39 80 
   28 000000000150 0000000074f950 0004b 00040 0003a 00404 00300 0a700 003a7 04 04 00 03 00 a7 a7 03 4b 40 3a 80 
   29 00000000015c 0000000074f95c 00046 00040 00036 00406 00000 02d00 0032d 06 04 00 00 00 2d 2d 03 46 40 36 80 
   30 000000000168 0000000074f968 00046 00040 00037 00406 00000 04000 00300 06 04 00 00 00 40 00 03 46 40 37 80 
   31 000000000174 0000000074f974 00046 00040 00038 00406 00000 04000 00300 06 04 00 00 00 40 00 03 46 40 38 80 
   32 000000000180 0000000074f980 00046 00040 00039 00406 00000 02d00 003d3 06 04 00 00 00 2d d3 03 46 40 39 80 
   33 00000000018c 0000000074f98c 00047 00040 00036 00406 00000 00000 00340 06 04 00 00 00 00 40 03 47 40 36 80 
   34 000000000198 0000000074f998 00047 00040 00037 00406 00000 00000 00300 06 04 00 00 00 00 00 03 47 40 37 80 
   35 0000000001a4 0000000074f9a4 00047 00040 00038 00406 00000 00000 00300 06 04 00 00 00 00 00 03 47 40 38 80 
   36 0000000001b0 0000000074f9b0 00047 00040 00039 00406 00000 00000 003c0 06 04 00 00 00 00 c0 03 47 40 39 80 
   37 0000000001bc 0000000074f9bc 00048 00040 00036 00406 00000 00000 00340 06 04 00 00 00 00 40 03 48 40 36 80 
   38 0000000001c8 0000000074f9c8 00048 00040 00037 00406 00000 00000 00300 06 04 00 00 00 00 00 03 48 40 37 80 
   39 0000000001d4 0000000074f9d4 00048 00040 00038 00406 00000 00000 00300 06 04 00 00 00 00 00 03 48 40 38 80 
   40 0000000001e0 0000000074f9e0 00048 00040 00039 00406 00000 00000 003c0 06 04 00 00 00 00 c0 03 48 40 39 80 
   41 0000000001ec 0000000074f9ec 00049 00040 00036 00406 00000 00000 00340 06 04 00 00 00 00 40 03 49 40 36 80 
   42 0000000001f8 0000000074f9f8 00049 00040 00037 00406 00000 00000 00300 06 04 00 00 00 00 00 03 49 40 37 80 
   43 000000000204 0000000074fa04 00049 00040 00038 00406 00000 00000 00300 06 04 00 00 00 00 00 03 49 40 38 80 
   44 000000000210 0000000074fa10 00049 00040 00039 00406 00000 00000 003c0 06 04 00 00 00 00 c0 03 49 40 39 80 
   45 00000000021c 0000000074fa1c 0004a 00040 00036 00406 00000 0d300 0032d 06 04 00 00 00 d3 2d 03 4a 40 36 80 
   46 000000000228 0000000074fa28 0004a 00040 00037 00406 00000 0c000 00300 06 04 00 00 00 c0 00 03 4a 40 37 80 
   47 000000000234 0000000074fa34  BLANK  BLANK  BLANK 0ff00 00000 00000 0ff00 00 ff 00 00 00 00 00 ff ff 00 00 00 
   48 000000000240 0000000074fa40 0004a 00040 00039 00406 00000 0d300 003d3 06 04 00 00 00 d3 d3 03 4a 40 39 80 
   49 00000000024c 0000000074fa4c 00047 00040 0003b 0ff01 00100 00000 00300 01 ff 00 01 00 00 00 03 47 40 3b 80 
   50 000000000258 0000000074fa58 00046 0003f 0003a 00407 00000 04000 00300 07 04 00 00 00 40 00 03 46 3f 3a 80 
   51 000000000264 0000000074fa64 00047 0003f 0003a 00407 00000 00000 00300 07 04 00 00 00 00 00 03 47 3f 3a 80 
   52 000000000270 0000000074fa70 00048 0003f 0003a 00407 00000 00000 00300 07 04 00 00 00 00 00 03 48 3f 3a 80 
   53 00000000027c 0000000074fa7c 00049 0003f 0003a 00407 00000 00000 00300 07 04 00 00 00 00 00 03 49 3f 3a 80 
   54 000000000288 0000000074fa88 0004a 0003f 0003a 00407 00000 0c000 00300 07 04 00 00 00 c0 00 03 4a 3f 3a 80 
   55 000000000294 0000000074fa94 0004b 0003f 00039 00407 00300 00000 003c0 07 04 00 03 00 00 c0 03 4b 3f 39 80 
   56 0000000002a0 0000000074faa0 0004b 0003f 00038 00407 00300 00000 00300 07 04 00 03 00 00 00 03 4b 3f 38 80 
   57 0000000002ac 0000000074faac 0004b 0003f 00037 00407 00300 00000 00300 07 04 00 03 00 00 00 03 4b 3f 37 80 
   58 0000000002b8 0000000074fab8 0004b 0003f 00036 00407 00300 00000 00340 07 04 00 03 00 00 40 03 4b 3f 36 80 
   59 0000000002c4 0000000074fac4 0004a 0003f 00035 00407 00200 0c000 00300 07 04 00 02 00 c0 00 03 4a 3f 35 80 
   60 0000000002d0 0000000074fad0 00049 0003f 00035 00407 00200 00000 00300 07 04 00 02 00 00 00 03 49 3f 35 80 
   61 0000000002dc 0000000074fadc 00048 0003f 00035 00407 00200 00000 00300 07 04 00 02 00 00 00 03 48 3f 35 80 
   62 0000000002e8 0000000074fae8 00047 0003f 00035 00407 00200 00000 00300 07 04 00 02 00 00 00 03 47 3f 35 80 
   63 0000000002f4 0000000074faf4 00046 0003f 00035 00407 00200 04000 00300 07 04 00 02 00 40 00 03 46 3f 35 80 
   64 000000000300 0000000074fb00 00045 0003f 00036 00407 00100 00000 00340 07 04 00 01 00 00 40 03 45 3f 36 80 
   65 00000000030c 0000000074fb0c 00045 0003f 00037 00407 00100 00000 00300 07 04 00 01 00 00 00 03 45 3f 37 80 
   66 000000000318 0000000074fb18 00045 0003f 00038 00407 00100 00000 00300 07 04 00 01 00 00 00 03 45 3f 38 80 
   67 000000000324 0000000074fb24 00045 0003f 00039 00407 00100 00000 003c0 07 04 00 01 00 00 c0 03 45 3f 39 80 
   68 000000000330 0000000074fb30 0004b 0003f 0003a 00408 00000 0a700 003a7 08 04 00 00 00 a7 a7 03 4b 3f 3a 80 
   69 00000000033c 0000000074fb3c 0004b 0003f 00035 00408 00300 0a700 00359 08 04 00 03 00 a7 59 03 4b 3f 35 80 
   70 000000000348 0000000074fb48 00045 0003f 00035 00408 00200 05900 00359 08 04 00 02 00 59 59 03 45 3f 35 80 
   71 000000000354 0000000074fb54 00045 0003f 0003a 00408 00100 05900 003a7 08 04 00 01 00 59 a7 03 45 3f 3a 80 
   72 000000000360 0000000074fb60 00045 0003e 0003a 00409 00100 05900 003a7 09 04 00 01 00 59 a7 03 45 3e 3a 80 
   73 00000000036c 0000000074fb6c 00046 0003e 0003a 0040a 00000 00001 00381 0a 04 00 00 01 00 81 03 46 3e 3a 80 
   74 000000000378 0000000074fb78 00047 0003e 0003a 0040a 00000 00001 00381 0a 04 00 00 01 00 81 03 47 3e 3a 80 
   75 000000000384 0000000074fb84 00048 0003e 0003a 0040a 00000 00001 00381 0a 04 00 00 01 00 81 03 48 3e 3a 80 
   76 000000000390 0000000074fb90 00049 0003e 0003a 0040b 00000 00001 00381 0b 04 00 00 01 00 81 03 49 3e 3a 80 
   77 00000000039c 0000000074fb9c 0004a 0003e 0003a 0040a 00000 00001 00381 0a 04 00 00 01 00 81 03 4a 3e 3a 80 
   78 0000000003a8 0000000074fba8 0004b 0003e 0003a 00409 00000 0a700 003a7 09 04 00 00 00 a7 a7 03 4b 3e 3a 80 
   79 0000000003b4 0000000074fbb4 00049 0003e 0003b 0ff01 00100 00000 00300 01 ff 00 01 00 00 00 03 49 3e 3b 80 
   80 0000000003c0 0000000074fbc0 00045 0003e 00035 00409 00200 05900 00359 09 04 00 02 00 59 59 03 45 3e 35 80 
   81 0000000003cc 0000000074fbcc 00046 0003e 00035 0040a 00200 00001 0037f 0a 04 00 02 01 00 7f 03 46 3e 35 80 
   82 0000000003d8 0000000074fbd8 00047 0003e 00035 0040a 00200 00001 0037f 0a 04 00 02 01 00 7f 03 47 3e 35 80 
   83 0000000003e4 0000000074fbe4 00048 0003e 00035 0040a 00200 00001 0037f 0a 04 00 02 01 00 7f 03 48 3e 35 80 
   84 0000000003f0 0000000074fbf0 00049 0003e 00035 0040a 00200 00001 0037f 0a 04 00 02 01 00 7f 03 49 3e 35 80 
   85 0000000003fc 0000000074fbfc 0004a 0003e 00035 0040a 00200 00001 0037f 0a 04 00 02 01 00 7f 03 4a 3e 35 80 
   86 000000000408 0000000074fc08 0004b 0003e 00035 00409 00300 0a700 00359 09 04 00 03 00 a7 59 03 4b 3e 35 80 
   87 000000000414 0000000074fc14 0004b 0003e 00036 0040a 00300 08101 00300 0a 04 00 03 01 81 00 03 4b 3e 36 80 
   88 000000000420 0000000074fc20 0004b 0003e 00037 0040a 00300 08101 00300 0a 04 00 03 01 81 00 03 4b 3e 37 80 
   89 00000000042c 0000000074fc2c 0004b 0003e 00038 0040c 00300 08101 00300 0c 04 00 03 01 81 00 03 4b 3e 38 80 
   90 000000000438 0000000074fc38 0004b 0003e 00039 0040a 00300 08101 00300 0a 04 00 03 01 81 00 03 4b 3e 39 80 
   91 000000000444 0000000074fc44 00045 0003e 00036 0040c 00100 07f01 00300 0c 04 00 01 01 7f 00 03 45 3e 36 80 
   92 000000000450 0000000074fc50 00045 0003e 00037 0040a 00100 07f01 00300 0a 04 00 01 01 7f 00 03 45 3e 37 80 
   93 00000000045c 0000000074fc5c 00045 0003e 00038 0040a 00100 07f01 00300 0a 04 00 01 01 7f 00 03 45 3e 38 80 
   94 000000000468 0000000074fc68 00045 0003e 00039 0040a 00100 07f01 00300 0a 04 00 01 01 7f 00 03 45 3e 39 80 
   95 000000000474 0000000074fc74 00048 0003b 00037 0040d 00100 00000 00300 0d 04 00 01 00 00 00 03 48 3b 37 80 
   96 000000000480 0000000074fc80 00048 0003b 00038 0040d 00300 00000 00300 0d 04 00 03 00 00 00 03 48 3b 38 80 
   97 00000000048c 0000000074fc8c 00049 0003b 00038 0040e 00200 00000 00300 0e 04 00 02 00 00 00 03 49 3b 38 80 
   98 000000000498 0000000074fc98 00035 0003e 0003d 0ff01 00000 00000 0ff00 01 ff 00 00 00 00 00 ff 35 3e 3d 80 
   99 0000000004a4 0000000074fca4 00034 00041 0003b 0ff0f 00300 00000 00000 0f ff 00 03 00 00 00 00 34 41 3b 80 
  100 0000000004b0 0000000074fcb0 00034 00041 0003a 00010 00300 00000 00081 10 00 00 03 00 00 81 00 34 41 3a 80 
  101 0000000004bc 0000000074fcbc 00033 00041 0003a 00011 00100 00001 00081 11 00 00 01 01 00 81 00 33 41 3a 80 
  102 0000000004c8 0000000074fcc8 00033 00041 00038 00012 00100 00001 0007f 12 00 00 01 01 00 7f 00 33 41 38 80 
  103 0000000004d4 0000000074fcd4 00032 00041 00038 00013 00100 05901 00059 13 00 00 01 01 59 59 00 32 41 38 80 
  104 0000000004e0 0000000074fce0 00032 00041 00039 00014 00100 07f01 00000 14 00 00 01 01 7f 00 00 32 41 39 80 
  105 0000000004ec 0000000074fcec 00032 00041 0003a 00015 00100 05901 000a7 15 00 00 01 01 59 a7 00 32 41 3a 80 
  106 0000000004f8 0000000074fcf8 00033 00041 00039 00016 00100 04000 00000 16 00 00 01 00 40 00 00 33 41 39 80 
  107 000000000504 0000000074fd04 00034 00041 00038 00017 00300 00001 0007f 17 00 00 03 01 00 7f 00 34 41 38 80 
  108 000000000510 0000000074fd10 00034 00041 00039 00016 00100 00000 00000 16 00 00 01 00 00 00 00 34 41 39 80 
  109 00000000051c 0000000074fd1c 00035 00041 0003a 00012 00300 00001 00081 12 00 00 03 01 00 81 00 35 41 3a 80 
  110 000000000528 0000000074fd28 00035 00041 00038 00011 00300 00001 0007f 11 00 00 03 01 00 7f 00 35 41 38 80 
  111 000000000534 0000000074fd34 00035 00041 00039 00016 00100 0c000 00000 16 00 00 01 00 c0 00 00 35 41 39 80 
  112 000000000540 0000000074fd40 00036 00041 00038 00015 00300 0a701 00059 15 00 00 03 01 a7 59 00 36 41 38 80 
  113 00000000054c 0000000074fd4c 00036 00041 00039 00014 00300 08101 00000 14 00 00 03 01 81 00 00 36 41 39 80 
  114 000000000558 0000000074fd58 00036 00041 0003a 00013 00300 0a701 000a7 13 00 00 03 01 a7 a7 00 36 41 3a 80 
  115 000000000564 0000000074fd64 00032 00040 0003a 00018 00100 05900 000a7 18 00 00 01 00 59 a7 00 32 40 3a 80 
  116 000000000570 0000000074fd70 00032 00040 00039 00019 00300 07f00 00000 19 00 00 03 00 7f 00 00 32 40 39 80 
  117 00000000057c 0000000074fd7c 00032 00040 00038 0001a 00100 05900 00059 1a 00 00 01 00 59 59 00 32 40 38 80 
  118 000000000588 0000000074fd88 00033 00040 00038 0001b 00300 00000 0007f 1b 00 00 03 00 00 7f 00 33 40 38 80 
  119 000000000594 0000000074fd94 00033 00040 00039 0001c 00100 04000 00000 1c 00 00 01 00 40 00 00 33 40 39 80 
  120 0000000005a0 0000000074fda0 00033 00040 0003a 0001b 00100 00000 00081 1b 00 00 01 00 00 81 00 33 40 3a 80 
  121 0000000005ac 0000000074fdac 00034 00040 00038 0001b 00300 00000 0007f 1b 00 00 03 00 00 7f 00 34 40 38 80 
  122 0000000005b8 0000000074fdb8 00034 00040 00039 0001c 00100 00000 00000 1c 00 00 01 00 00 00 00 34 40 39 80 
  123 0000000005c4 0000000074fdc4 00034 00040 0003a 0001b 00100 00000 00081 1b 00 00 01 00 00 81 00 34 40 3a 80 
  124 0000000005d0 0000000074fdd0 00035 00040 00038 0001b 00300 00000 0007f 1b 00 00 03 00 00 7f 00 35 40 38 80 
  125 0000000005dc 0000000074fddc 00035 00040 00039 0001c 00100 0c000 00000 1c 00 00 01 00 c0 00 00 35 40 39 80 
  126 0000000005e8 0000000074fde8 00035 00040 0003a 0001b 00100 00000 00081 1b 00 00 01 00 00 81 00 35 40 3a 80 
  127 0000000005f4 0000000074fdf4 00036 00040 00038 00018 00300 0a700 00059 18 00 00 03 00 a7 59 00 36 40 38 80 
  128 000000000600 0000000074fe00 00036 00040 0003a 0001a 00300 0a700 000a7 1a 00 00 03 00 a7 a7 00 36 40 3a 80 
  129 00000000060c 0000000074fe0c 00036 00040 00039 00019 00100 08100 00000 19 00 00 01 00 81 00 00 36 40 39 80 
  130 000000000618 0000000074fe18 00034 00041 0003c 0ff02 00100 00000 00000 02 ff 00 01 00 00 00 00 34 41 3c 80 
  131 000000000624 0000000074fe24 00036 0003f 0003d 0ff1d 00000 00001 0ff00 1d ff 00 00 01 00 00 ff 36 3f 3d 80 
  132 000000000630 0000000074fe30 00035 00041 0003c 0ff1d 00200 00001 00000 1d ff 00 02 01 00 00 00 35 41 3c 80 
  133 00000000063c 0000000074fe3c 00036 00040 0003c 0ff1d 00200 00001 00000 1d ff 00 02 01 00 00 00 36 40 3c 80 
  134 000000000648 0000000074fe48 00037 0003f 0003d 0ff01 00000 00000 0ff00 01 ff 00 00 00 00 00 ff 37 3f 3d 80 
  135 000000000654 0000000074fe54 00037 0003f 0003c 0ff00 00200 00000 00000 00 ff 00 02 00 00 00 00 37 3f 3c 80 
  136 000000000660 0000000074fe60 00038 0003f 0003d 0ff1e 00200 00000 0ff00 1e ff 00 02 00 00 00 ff 38 3f 3d 80 
  137 00000000066c 0000000074fe6c 00038 0003f 0003c 0ff1e 00000 00000 0ff00 1e ff 00 00 00 00 00 ff 38 3f 3c 80 
  138 000000000678 0000000074fe78 00039 0003f 0003c 0ff00 00000 00000 00100 00 ff 00 00 00 00 00 01 39 3f 3c 80 
  139 000000000684 0000000074fe84 0003a 00040 0003c 0ff1d 00000 00001 00100 1d ff 00 00 01 00 00 01 3a 40 3c 80 
  140 000000000690 0000000074fe90 00039 0003f 0003d 0ff01 00000 00000 00100 01 ff 00 00 00 00 00 01 39 3f 3d 80 
  141 00000000069c 0000000074fe9c 0003a 0003f 0003d 0ff1d 00200 00001 00100 1d ff 00 02 01 00 00 01 3a 3f 3d 80 
  142 0000000006a8 0000000074fea8 0003b 0003e 0003d 0ff01 00200 00000 00100 01 ff 00 02 00 00 00 01 3b 3e 3d 80 
  143 0000000006b4 0000000074feb4 0003b 00040 0003c 0ff01 00000 00000 00100 01 ff 00 00 00 00 00 01 3b 40 3c 80 
  144 0000000006c0 0000000074fec0 0003c 0003e 0003d 0ff1f 00000 00001 00100 1f ff 00 00 01 00 00 01 3c 3e 3d 80 
  145 0000000006cc 0000000074fecc 0003c 0003f 0003d 0ff20 00000 00000 00100 20 ff 00 00 00 00 00 01 3c 3f 3d 80 
  146 0000000006d8 0000000074fed8 0003c 00040 0003d 0ff03 00100 00001 00100 03 ff 00 01 01 00 00 01 3c 40 3d 80 
  147 0000000006e4 0000000074fee4 0003c 00040 0003c 0ff05 00100 00000 00100 05 ff 00 01 00 00 00 01 3c 40 3c 80 
  148 0000000006f0 0000000074fef0 0003c 0003f 0003c 0ff21 00000 00000 00100 21 ff 00 00 00 00 00 01 3c 3f 3c 80 
  149 0000000006fc 0000000074fefc 0003c 0003e 0003c 0ff22 00000 00001 00100 22 ff 00 00 01 00 00 01 3c 3e 3c 80 
  150 000000000708 0000000074ff08 0003c 00040 0003b 0ff04 00100 00000 00100 04 ff 00 01 00 00 00 01 3c 40 3b 80 
  151 000000000714 0000000074ff14 0003c 0003f 0003b 0ff23 00000 00000 00100 23 ff 00 00 00 00 00 01 3c 3f 3b 80 
  152 000000000720 0000000074ff20 0003c 0003e 0003b 0ff24 00000 00000 00100 24 ff 00 00 00 00 00 01 3c 3e 3b 80 
  153 00000000072c 0000000074ff2c 0003c 00040 0003e 0ff03 00100 00001 00100 03 ff 00 01 01 00 00 01 3c 40 3e 80 
  154 000000000738 0000000074ff38 0003c 0003f 0003e 0ff21 00000 00000 00100 21 ff 00 00 00 00 00 01 3c 3f 3e 80 
  155 000000000744 0000000074ff44 0003c 0003e 0003e 0ff25 00000 00001 00100 25 ff 00 00 01 00 00 01 3c 3e 3e 80 
  156 000000000750 0000000074ff50 0003c 00040 0003f 0ff03 00100 00001 00100 03 ff 00 01 01 00 00 01 3c 40 3f 80 
  157 00000000075c 0000000074ff5c 0003c 0003f 0003f 0ff21 00000 00000 00100 21 ff 00 00 00 00 00 01 3c 3f 3f 80 
  158 000000000768 0000000074ff68 0003c 0003e 0003f 0ff22 00000 00001 00100 22 ff 00 00 01 00 00 01 3c 3e 3f 80 
  159 000000000774 0000000074ff74 0003c 00040 00040 0ff03 00100 00001 00100 03 ff 00 01 01 00 00 01 3c 40 40 80 
  160 000000000780 0000000074ff80 0003c 0003f 00040 0ff20 00000 00000 00100 20 ff 00 00 00 00 00 01 3c 3f 40 80 
  161 00000000078c 0000000074ff8c 0003c 0003e 00040 0ff1f 00000 00001 00100 1f ff 00 00 01 00 00 01 3c 3e 40 80 
  162 000000000798 0000000074ff98 0003c 00040 00041 0ff03 00100 00001 00100 03 ff 00 01 01 00 00 01 3c 40 41 80 
  163 0000000007a4 0000000074ffa4 0003c 0003f 00041 0ff21 00000 00000 00100 21 ff 00 00 00 00 00 01 3c 3f 41 80 
  164 0000000007b0 0000000074ffb0 0003c 0003e 00041 0ff25 00000 00001 00100 25 ff 00 00 01 00 00 01 3c 3e 41 80 
  165 0000000007bc 0000000074ffbc 0003c 00040 00042 0ff04 00000 00000 00100 04 ff 00 00 00 00 00 01 3c 40 42 80 
  166 0000000007c8 0000000074ffc8 0003c 0003f 00042 0ff23 00300 00000 00100 23 ff 00 03 00 00 00 01 3c 3f 42 80 
  167 0000000007d4 0000000074ffd4 0003c 0003e 00042 0ff24 00300 00000 00100 24 ff 00 03 00 00 00 01 3c 3e 42 80 
  168 0000000007e0 0000000074ffe0 0003d 00040 00042 0ff03 00000 00001 00100 03 ff 00 00 01 00 00 01 3d 40 42 80 
  169 0000000007ec 0000000074ffec 0003d 0003f 00042 0ff21 00300 00000 00100 21 ff 00 03 00 00 00 01 3d 3f 42 80 
  170 0000000007f8 0000000074fff8 0003d 0003e 00042 0ff26 00300 00001 00100 26 ff 00 03 01 00 00 01 3d 3e 42 80 
  171 000000000804 00000000750004 0003d 00040 00041 0ff06 00000 00000 00100 06 ff 00 00 00 00 00 01 3d 40 41 80 
  172 000000000810 00000000750010 0003d 00040 00040 0ff06 00000 00000 00100 06 ff 00 00 00 00 00 01 3d 40 40 80 
  173 00000000081c 0000000075001c 0003d 00040 0003f 0ff06 00000 00000 00100 06 ff 00 00 00 00 00 01 3d 40 3f 80 
  174 000000000828 00000000750028 0003d 00040 0003e 0ff06 00000 00000 00100 06 ff 00 00 00 00 00 01 3d 40 3e 80 
  175 000000000834 00000000750034 0003d 00040 0003d 0ff06 00000 00000 00100 06 ff 00 00 00 00 00 01 3d 40 3d 80 
  176 000000000840 00000000750040 0003d 00040 0003c 0ff06 00000 00000 00100 06 ff 00 00 00 00 00 01 3d 40 3c 80 
  177 00000000084c 0000000075004c 0003d 00040 0003b 0ff03 00200 00001 00100 03 ff 00 02 01 00 00 01 3d 40 3b 80 
  178 000000000858 00000000750058 0003e 00040 00042 0ff03 00000 00001 00100 03 ff 00 00 01 00 00 01 3e 40 42 80 
  179 000000000864 00000000750064 0003e 00040 00041 0ff06 00000 00000 00100 06 ff 00 00 00 00 00 01 3e 40 41 80 
  180 000000000870 00000000750070 0003e 00040 00040 0ff06 00000 00000 00100 06 ff 00 00 00 00 00 01 3e 40 40 80 
  181 00000000087c 0000000075007c 0003e 00040 0003f 0ff06 00000 00000 00100 06 ff 00 00 00 00 00 01 3e 40 3f 80 
  182 000000000888 00000000750088 0003e 00040 0003e 0ff06 00000 00000 00100 06 ff 00 00 00 00 00 01 3e 40 3e 80 
  183 000000000894 00000000750094 0003e 00040 0003d 0ff06 00000 00000 00100 06 ff 00 00 00 00 00 01 3e 40 3d 80 
  184 0000000008a0 000000007500a0 0003e 00040 0003c 0ff06 00000 00000 00100 06 ff 00 00 00 00 00 01 3e 40 3c 80 
  185 0000000008ac 000000007500ac 0003e 00040 0003b 0ff03 00200 00001 00100 03 ff 00 02 01 00 00 01 3e 40 3b 80 
  186 0000000008b8 000000007500b8 0003f 00040 00042 0ff03 00000 00001 00100 03 ff 00 00 01 00 00 01 3f 40 42 80 
  187 0000000008c4 000000007500c4 0003f 00040 00041 0ff06 00000 00000 00100 06 ff 00 00 00 00 00 01 3f 40 41 80 
  188 0000000008d0 000000007500d0 0003f 00040 00040 0ff06 00000 00000 00100 06 ff 00 00 00 00 00 01 3f 40 40 80 
  189 0000000008dc 000000007500dc 0003f 00040 0003f 0ff06 00000 00000 00100 06 ff 00 00 00 00 00 01 3f 40 3f 80 
  190 0000000008e8 000000007500e8 0003f 00040 0003e 0ff06 00000 00000 00100 06 ff 00 00 00 00 00 01 3f 40 3e 80 
  191 0000000008f4 000000007500f4 0003f 00040 0003d 0ff06 00000 00000 00100 06 ff 00 00 00 00 00 01 3f 40 3d 80 
  192 000000000900 00000000750100 0003f 00040 0003c 0ff06 00000 00000 00100 06 ff 00 00 00 00 00 01 3f 40 3c 80 
  193 00000000090c 0000000075010c 0003f 00040 0003b 0ff03 00200 00001 00100 03 ff 00 02 01 00 00 01 3f 40 3b 80 
  194 000000000918 00000000750118 00040 00040 00042 0ff03 00000 00001 00100 03 ff 00 00 01 00 00 01 40 40 42 80 
  195 000000000924 00000000750124 00040 00040 00041 0ff06 00000 00000 00100 06 ff 00 00 00 00 00 01 40 40 41 80 
  196 000000000930 00000000750130 00040 00040 00040 0ff06 00000 00000 00100 06 ff 00 00 00 00 00 01 40 40 40 80 
  197 00000000093c 0000000075013c 00040 00040 0003f 0ff06 00000 00000 00100 06 ff 00 00 00 00 00 01 40 40 3f 80 
  198 000000000948 00000000750148 00040 00040 0003e 0ff06 00000 00000 00100 06 ff 00 00 00 00 00 01 40 40 3e 80 
  199 000000000954 00000000750154 00040 00040 0003d 0ff06 00000 00000 00100 06 ff 00 00 00 00 00 01 40 40 3d 80 
  200 000000000960 00000000750160 00040 00040 0003c 0ff06 00000 00000 00100 06 ff 00 00 00 00 00 01 40 40 3c 80 
  201 00000000096c 0000000075016c 00040 00040 0003b 0ff03 00200 00001 00100 03 ff 00 02 01 00 00 01 40 40 3b 80 
  202 000000000978 00000000750178 00041 00040 00042 0ff03 00000 00001 00100 03 ff 00 00 01 00 00 01 41 40 42 80 
  203 000000000984 00000000750184 00041 00040 00041 0ff06 00000 00000 00100 06 ff 00 00 00 00 00 01 41 40 41 80 
  204 000000000990 00000000750190 00041 00040 00040 0ff06 00000 00000 00100 06 ff 00 00 00 00 00 01 41 40 40 80 
  205 00000000099c 0000000075019c 00041 00040 0003f 0ff06 00000 00000 00100 06 ff 00 00 00 00 00 01 41 40 3f 80 
  206 0000000009a8 000000007501a8 00041 00040 0003e 0ff06 00000 00000 00100 06 ff 00 00 00 00 00 01 41 40 3e 80 
  207 0000000009b4 000000007501b4 00041 00040 0003d 0ff06 00000 00000 00100 06 ff 00 00 00 00 00 01 41 40 3d 80 
  208 0000000009c0 000000007501c0 00041 00040 0003c 0ff06 00000 00000 00100 06 ff 00 00 00 00 00 01 41 40 3c 80 
  209 0000000009cc 000000007501cc 00041 00040 0003b 0ff03 00200 00001 00100 03 ff 00 02 01 00 00 01 41 40 3b 80 
  210 0000000009d8 000000007501d8 00042 00040 00042 0ff03 00000 00001 00100 03 ff 00 00 01 00 00 01 42 40 42 80 
  211 0000000009e4 000000007501e4 00042 00040 00041 0ff06 00000 00000 00100 06 ff 00 00 00 00 00 01 42 40 41 80 
  212 0000000009f0 000000007501f0 00042 00040 00040 0ff06 00000 00000 00100 06 ff 00 00 00 00 00 01 42 40 40 80 
  213 0000000009fc 000000007501fc 00042 00040 0003f 0ff06 00000 00000 00100 06 ff 00 00 00 00 00 01 42 40 3f 80 
  214 000000000a08 00000000750208 00042 00040 0003e 0ff06 00000 00000 00100 06 ff 00 00 00 00 00 01 42 40 3e 80 
  215 000000000a14 00000000750214 00042 00040 0003d 0ff06 00000 00000 00100 06 ff 00 00 00 00 00 01 42 40 3d 80 
  216 000000000a20 00000000750220 00042 00040 0003c 0ff06 00000 00000 00100 06 ff 00 00 00 00 00 01 42 40 3c 80 
  217 000000000a2c 0000000075022c 00042 00040 0003b 0ff03 00200 00001 00100 03 ff 00 02 01 00 00 01 42 40 3b 80 
  218 000000000a38 00000000750238 00043 00040 00042 0ff03 00000 00001 00100 03 ff 00 00 01 00 00 01 43 40 42 80 
  219 000000000a44 00000000750244 00043 00040 00041 0ff06 00000 00000 00100 06 ff 00 00 00 00 00 01 43 40 41 80 
  220 000000000a50 00000000750250 00043 00040 00040 0ff06 00000 00000 00100 06 ff 00 00 00 00 00 01 43 40 40 80 
  221 000000000a5c 0000000075025c 00043 00040 0003f 0ff06 00000 00000 00100 06 ff 00 00 00 00 00 01 43 40 3f 80 
  222 000000000a68 00000000750268 00043 00040 0003e 0ff06 00000 00000 00100 06 ff 00 00 00 00 00 01 43 40 3e 80 
  223 000000000a74 00000000750274 00043 00040 0003d 0ff06 00200 00000 00100 06 ff 00 02 00 00 00 01 43 40 3d 80 
  224 000000000a80 00000000750280 00043 00040 0003c 0ff06 00000 00000 00100 06 ff 00 00 00 00 00 01 43 40 3c 80 
  225 000000000a8c 0000000075028c 00043 00040 0003b 0ff03 00200 00001 00100 03 ff 00 02 01 00 00 01 43 40 3b 80 
  226 000000000a98 00000000750298 00044 00040 0003b 0ff04 00200 00000 00100 04 ff 00 02 00 00 00 01 44 40 3b 80 
  227 000000000aa4 000000007502a4 00044 00040 00042 0ff04 00300 00000 00100 04 ff 00 03 00 00 00 01 44 40 42 80 
  228 000000000ab0 000000007502b0 00044 00040 0003c 0ff03 00300 00001 00100 03 ff 00 03 01 00 00 01 44 40 3c 80 
  229 000000000abc 000000007502bc 00044 00040 00040 0ff03 00300 00001 00100 03 ff 00 03 01 00 00 01 44 40 40 80 
  230 000000000ac8 000000007502c8 00044 00040 0003f 0ff05 00300 00000 00100 05 ff 00 03 00 00 00 01 44 40 3f 80 
  231 000000000ad4 000000007502d4 00044 00040 00041 0ff03 00300 00001 00100 03 ff 00 03 01 00 00 01 44 40 41 80 
  232 000000000ae0 000000007502e0 00044 00040 0003e 0ff03 00300 00001 00100 03 ff 00 03 01 00 00 01 44 40 3e 80 
  233 000000000aec 000000007502ec 00044 00040 0003d 0ff03 00300 00001 00100 03 ff 00 03 01 00 00 01 44 40 3d 80 
  234 000000000af8 000000007502f8 0003d 0003f 00040 00227 00000 00000 00100 27 02 00 00 00 00 00 01 3d 3f 40 80 
  235 000000000b04 00000000750304 0003d 0003f 0003d 0ff27 00000 00000 00100 27 ff 00 00 00 00 00 01 3d 3f 3d 80 
  236 000000000b10 00000000750310 0003d 0003f 0003b 0ff21 00100 00000 00100 21 ff 00 01 00 00 00 01 3d 3f 3b 80 
  237 000000000b1c 0000000075031c 0003e 0003f 00042 0ff21 00300 00000 00100 21 ff 00 03 00 00 00 01 3e 3f 42 80 
  238 000000000b28 00000000750328 0003e 0003f 00040 00227 00000 00000 00100 27 02 00 00 00 00 00 01 3e 3f 40 80 
  239 000000000b34 00000000750334 0003e 0003f 0003d 0ff27 00000 00000 00100 27 ff 00 00 00 00 00 01 3e 3f 3d 80 
  240 000000000b40 00000000750340 0003e 0003f 0003b 0ff21 00100 00000 00100 21 ff 00 01 00 00 00 01 3e 3f 3b 80 
  241 000000000b4c 0000000075034c 0003f 0003f 00042 0ff21 00300 00000 00100 21 ff 00 03 00 00 00 01 3f 3f 42 80 
  242 000000000b58 00000000750358 0003f 0003f 00040 00227 00000 00000 00100 27 02 00 00 00 00 00 01 3f 3f 40 80 
  243 000000000b64 00000000750364 0003f 0003f 0003d 0ff27 00000 00000 00100 27 ff 00 00 00 00 00 01 3f 3f 3d 80 
  244 000000000b70 00000000750370 0003f 0003f 0003b 0ff21 00100 00000 00100 21 ff 00 01 00 00 00 01 3f 3f 3b 80 
  245 000000000b7c 0000000075037c 00040 0003f 00042 0ff21 00300 00000 00100 21 ff 00 03 00 00 00 01 40 3f 42 80 
  246 000000000b88 00000000750388 00040 0003f 00040 00227 00000 00000 00100 27 02 00 00 00 00 00 01 40 3f 40 80 
  247 000000000b94 00000000750394 00040 0003f 0003d 0ff27 00000 00000 00100 27 ff 00 00 00 00 00 01 40 3f 3d 80 
  248 000000000ba0 000000007503a0 00040 0003f 0003b 0ff21 00100 00000 00100 21 ff 00 01 00 00 00 01 40 3f 3b 80 
  249 000000000bac 000000007503ac 00041 0003f 00042 0ff21 00300 00000 00100 21 ff 00 03 00 00 00 01 41 3f 42 80 
  250 000000000bb8 000000007503b8 00041 0003f 00040 00227 00000 00000 00100 27 02 00 00 00 00 00 01 41 3f 40 80 
  251 000000000bc4 000000007503c4 00041 0003f 0003d 0ff27 00000 00000 00100 27 ff 00 00 00 00 00 01 41 3f 3d 80 
  252 000000000bd0 000000007503d0 00041 0003f 0003b 0ff21 00100 00000 00100 21 ff 00 01 00 00 00 01 41 3f 3b 80 
  253 000000000bdc 000000007503dc 00042 0003f 00042 0ff21 00300 00000 00100 21 ff 00 03 00 00 00 01 42 3f 42 80 
  254 000000000be8 000000007503e8 00042 0003f 00040 00227 00000 00000 00100 27 02 00 00 00 00 00 01 42 3f 40 80 
  255 000000000bf4 000000007503f4 00042 0003f 0003d 0ff27 00000 00000 00100 27 ff 00 00 00 00 00 01 42 3f 3d 80 
  256 000000000c00 00000000750400 00042 0003f 0003b 0ff21 00100 00000 00100 21 ff 00 01 00 00 00 01 42 3f 3b 80 
  257 000000000c0c 0000000075040c 00043 0003f 00042 0ff21 00300 00000 00100 21 ff 00 03 00 00 00 01 43 3f 42 80 
  258 000000000c18 00000000750418 00043 0003f 00040 00227 00000 00000 00100 27 02 00 00 00 00 00 01 43 3f 40 80 
  259 000000000c24 00000000750424 00043 0003f 0003d 0ff27 00000 00000 00100 27 ff 00 00 00 00 00 01 43 3f 3d 80 
  260 000000000c30 00000000750430 00043 0003f 0003b 0ff21 00100 00000 00100 21 ff 00 01 00 00 00 01 43 3f 3b 80 
  261 000000000c3c 0000000075043c 00044 0003f 0003d 0ff20 00200 00000 00100 20 ff 00 02 00 00 00 01 44 3f 3d 80 
  262 000000000c48 00000000750448 00044 0003f 0003c 0ff21 00200 00000 00100 21 ff 00 02 00 00 00 01 44 3f 3c 80 
  263 000000000c54 00000000750454 00044 0003f 0003b 0ff23 00100 00000 00100 23 ff 00 01 00 00 00 01 44 3f 3b 80 
  264 000000000c60 00000000750460 00044 0003f 0003e 0ff21 00200 00000 00100 21 ff 00 02 00 00 00 01 44 3f 3e 80 
  265 000000000c6c 0000000075046c 00044 0003f 0003f 0ff21 00200 00000 00100 21 ff 00 02 00 00 00 01 44 3f 3f 80 
  266 000000000c78 00000000750478 00044 0003f 00040 0ff20 00200 00000 00100 20 ff 00 02 00 00 00 01 44 3f 40 80 
  267 000000000c84 00000000750484 00044 0003f 00041 0ff21 00200 00000 00100 21 ff 00 02 00 00 00 01 44 3f 41 80 
  268 000000000c90 00000000750490 00044 0003f 00042 0ff23 00200 00000 00100 23 ff 00 02 00 00 00 01 44 3f 42 80 
  269 000000000c9c 0000000075049c 0003d 0003e 0003b 0ff26 00100 00001 00100 26 ff 00 01 01 00 00 01 3d 3e 3b 80 
  270 000000000ca8 000000007504a8 0003d 0003e 0003d 00128 00000 07f00 00100 28 01 00 00 00 7f 00 01 3d 3e 3d 80 
  271 000000000cb4 000000007504b4 0003d 0003e 00040 0ff28 00000 00000 00100 28 ff 00 00 00 00 00 01 3d 3e 40 80 
  272 000000000cc0 000000007504c0 0003e 0003e 00042 0ff26 00300 00001 00100 26 ff 00 03 01 00 00 01 3e 3e 42 80 
  273 000000000ccc 000000007504cc 0003e 0003e 0003b 0ff26 00100 00001 00100 26 ff 00 01 01 00 00 01 3e 3e 3b 80 
  274 000000000cd8 000000007504d8 0003e 0003e 0003d 00129 00000 04000 00100 29 01 00 00 00 40 00 01 3e 3e 3d 80 
  275 000000000ce4 000000007504e4 0003e 0003e 00040 0ff28 00000 00000 00100 28 ff 00 00 00 00 00 01 3e 3e 40 80 
  276 000000000cf0 000000007504f0 0003f 0003e 00042 0ff26 00300 00001 00100 26 ff 00 03 01 00 00 01 3f 3e 42 80 
  277 000000000cfc 000000007504fc 0003f 0003e 0003b 0ff26 00100 00001 00100 26 ff 00 01 01 00 00 01 3f 3e 3b 80 
  278 000000000d08 00000000750508 0003f 0003e 0003d 00128 00000 00000 00100 28 01 00 00 00 00 00 01 3f 3e 3d 80 
  279 000000000d14 00000000750514 0003f 0003e 00040 0ff28 00000 00000 00100 28 ff 00 00 00 00 00 01 3f 3e 40 80 
  280 000000000d20 00000000750520 00040 0003e 00042 0ff26 00300 00001 00100 26 ff 00 03 01 00 00 01 40 3e 42 80 
  281 000000000d2c 0000000075052c 00040 0003e 0003b 0ff26 00100 00001 00100 26 ff 00 01 01 00 00 01 40 3e 3b 80 
  282 000000000d38 00000000750538 00040 0003e 0003d 00128 00000 00000 00100 28 01 00 00 00 00 00 01 40 3e 3d 80 
  283 000000000d44 00000000750544 00040 0003e 00040 0ff28 00000 00000 00100 28 ff 00 00 00 00 00 01 40 3e 40 80 
  284 000000000d50 00000000750550 00041 0003e 00042 0ff26 00300 00001 00100 26 ff 00 03 01 00 00 01 41 3e 42 80 
  285 000000000d5c 0000000075055c 00041 0003e 0003b 0ff26 00100 00001 00100 26 ff 00 01 01 00 00 01 41 3e 3b 80 
  286 000000000d68 00000000750568 00041 0003e 0003d 00129 00200 00000 00100 29 01 00 02 00 00 00 01 41 3e 3d 80 
  287 000000000d74 00000000750574 00041 0003e 00040 0ff28 00000 00000 00100 28 ff 00 00 00 00 00 01 41 3e 40 80 
  288 000000000d80 00000000750580 00042 0003e 00042 0ff26 00300 00001 00100 26 ff 00 03 01 00 00 01 42 3e 42 80 
  289 000000000d8c 0000000075058c 00042 0003e 0003b 0ff26 00100 00001 00100 26 ff 00 01 01 00 00 01 42 3e 3b 80 
  290 000000000d98 00000000750598 00042 0003e 0003d 00128 00000 0c000 00100 28 01 00 00 00 c0 00 01 42 3e 3d 80 
  291 000000000da4 000000007505a4 00042 0003e 00040 0ff28 00000 00000 00100 28 ff 00 00 00 00 00 01 42 3e 40 80 
  292 000000000db0 000000007505b0 00043 0003e 00042 0ff26 00300 00001 00100 26 ff 00 03 01 00 00 01 43 3e 42 80 
  293 000000000dbc 000000007505bc 00043 0003e 0003b 0ff26 00100 00001 00100 26 ff 00 01 01 00 00 01 43 3e 3b 80 
  294 000000000dc8 000000007505c8 00043 0003e 0003d 00128 00000 08100 00100 28 01 00 00 00 81 00 01 43 3e 3d 80 
  295 000000000dd4 000000007505d4 00043 0003e 00040 0ff28 00000 00000 00100 28 ff 00 00 00 00 00 01 43 3e 40 80 
  296 000000000de0 000000007505e0 00044 0003e 0003d 0ff1f 00200 00001 00100 1f ff 00 02 01 00 00 01 44 3e 3d 80 
  297 000000000dec 000000007505ec 00044 0003e 0003c 0ff25 00200 00001 00100 25 ff 00 02 01 00 00 01 44 3e 3c 80 
  298 000000000df8 000000007505f8 00044 0003e 0003b 0ff24 00100 00000 00100 24 ff 00 01 00 00 00 01 44 3e 3b 80 
  299 000000000e04 00000000750604 00044 0003e 0003e 0ff22 00200 00001 00100 22 ff 00 02 01 00 00 01 44 3e 3e 80 
  300 000000000e10 00000000750610 00044 0003e 0003f 0ff25 00200 00001 00100 25 ff 00 02 01 00 00 01 44 3e 3f 80 
  301 000000000e1c 0000000075061c 00044 0003e 00040 0ff1f 00200 00001 00100 1f ff 00 02 01 00 00 01 44 3e 40 80 
  302 000000000e28 00000000750628 00044 0003e 00041 0ff22 00200 00001 00100 22 ff 00 02 01 00 00 01 44 3e 41 80 
  303 000000000e34 00000000750634 00044 0003e 00042 0ff24 00200 00000 00100 24 ff 00 02 00 00 00 01 44 3e 42 80 
  304 000000000e40 00000000750640 0003d 0003c 00041 0ff0e 00300 00000 00100 0e ff 00 03 00 00 00 01 3d 3c 41 80 
  305 000000000e4c 0000000075064c 00043 0003c 00041 0ff0e 00200 00000 00100 0e ff 00 02 00 00 00 01 43 3c 41 80 
  306 000000000e58 00000000750658 00043 0003c 0003c 0ff0e 00100 00000 00100 0e ff 00 01 00 00 00 01 43 3c 3c 80 
  307 000000000e64 00000000750664 0003d 0003c 0003c 0ff0e 00000 00000 00100 0e ff 00 00 00 00 00 01 3d 3c 3c 80 
  308 000000000e70 00000000750670 0003e 0003c 00041 0ff0d 00300 00000 00100 0d ff 00 03 00 00 00 01 3e 3c 41 80 
  309 000000000e7c 0000000075067c 0003e 0003c 0003c 0ff0d 00100 00000 00100 0d ff 00 01 00 00 00 01 3e 3c 3c 80 
  310 000000000e88 00000000750688 0003f 0003c 00041 0ff0d 00300 00000 00100 0d ff 00 03 00 00 00 01 3f 3c 41 80 
  311 000000000e94 00000000750694 0003f 0003c 0003c 0ff0d 00100 00000 00100 0d ff 00 01 00 00 00 01 3f 3c 3c 80 
  312 000000000ea0 000000007506a0 00040 0003c 00041 0ff0d 00300 00000 00100 0d ff 00 03 00 00 00 01 40 3c 41 80 
  313 000000000eac 000000007506ac 00040 0003c 0003c 0ff0d 00100 00000 00100 0d ff 00 01 00 00 00 01 40 3c 3c 80 
  314 000000000eb8 000000007506b8 00041 0003c 00041 0ff0d 00300 00000 00100 0d ff 00 03 00 00 00 01 41 3c 41 80 
  315 000000000ec4 000000007506c4 00041 0003c 0003c 0ff0d 00100 00000 00100 0d ff 00 01 00 00 00 01 41 3c 3c 80 
  316 000000000ed0 000000007506d0 00042 0003c 00041 0ff0d 00300 00000 00100 0d ff 00 03 00 00 00 01 42 3c 41 80 
  317 000000000edc 000000007506dc 00042 0003c 0003c 0ff0d 00100 00000 00100 0d ff 00 01 00 00 00 01 42 3c 3c 80 
  318 000000000ee8 000000007506e8 0003d 0003c 00040 0ff0d 00000 00000 00100 0d ff 00 00 00 00 00 01 3d 3c 40 80 
  319 000000000ef4 000000007506f4 00043 0003c 00040 0ff0d 00200 00000 00100 0d ff 00 02 00 00 00 01 43 3c 40 80 
  320 000000000f00 00000000750700 0003d 0003c 0003f 0ff0d 00000 00000 00100 0d ff 00 00 00 00 00 01 3d 3c 3f 80 
  321 000000000f0c 0000000075070c 00043 0003c 0003f 0ff0d 00200 00000 00100 0d ff 00 02 00 00 00 01 43 3c 3f 80 
  322 000000000f18 00000000750718 0003d 0003c 0003e 0ff0d 00000 00000 00100 0d ff 00 00 00 00 00 01 3d 3c 3e 80 
  323 000000000f24 00000000750724 00043 0003c 0003e 0ff0d 00200 00000 00100 0d ff 00 02 00 00 00 01 43 3c 3e 80 
  324 000000000f30 00000000750730 0003d 0003c 0003d 0ff0d 00000 00000 00100 0d ff 00 00 00 00 00 01 3d 3c 3d 80 
  325 000000000f3c 0000000075073c 00043 0003c 0003d 0ff0d 00200 00000 00100 0d ff 00 02 00 00 00 01 43 3c 3d 80 
  326 000000000f48 00000000750748 0003e 0003b 00040 0ff0e 00300 00000 00100 0e ff 00 03 00 00 00 01 3e 3b 40 80 
  327 000000000f54 00000000750754 00042 0003b 00040 0ff0e 00200 00000 00100 0e ff 00 02 00 00 00 01 42 3b 40 80 
  328 000000000f60 00000000750760 00042 0003b 0003d 0ff0e 00100 00000 00100 0e ff 00 01 00 00 00 01 42 3b 3d 80 
  329 000000000f6c 0000000075076c 0003e 0003b 0003d 0ff0e 00000 00000 00100 0e ff 00 00 00 00 00 01 3e 3b 3d 80 
  330 000000000f78 00000000750778 0003f 0003b 00040 0ff0d 00300 00000 00100 0d ff 00 03 00 00 00 01 3f 3b 40 80 
  331 000000000f84 00000000750784 00040 0003b 00040 0ff0d 00300 00000 00100 0d ff 00 03 00 00 00 01 40 3b 40 80 
  332 000000000f90 00000000750790 00041 0003b 00040 0ff0d 00300 00000 00100 0d ff 00 03 00 00 00 01 41 3b 40 80 
  333 000000000f9c 0000000075079c 0003f 0003b 0003d 0ff0d 00100 00000 00100 0d ff 00 01 00 00 00 01 3f 3b 3d 80 
  334 000000000fa8 000000007507a8 00040 0003b 0003d 0ff0d 00100 00000 00100 0d ff 00 01 00 00 00 01 40 3b 3d 80 
  335 000000000fb4 000000007507b4 00041 0003b 0003d 0ff0d 00100 00000 00100 0d ff 00 01 00 00 00 01 41 3b 3d 80 
  336 000000000fc0 000000007507c0 0003e 0003b 0003f 0ff0d 00000 00000 00100 0d ff 00 00 00 00 00 01 3e 3b 3f 80 
  337 000000000fcc 000000007507cc 0003e 0003b 0003e 0ff0d 00000 00000 00100 0d ff 00 00 00 00 00 01 3e 3b 3e 80 
  338 000000000fd8 000000007507d8 00042 0003b 0003f 0ff0d 00200 00000 00100 0d ff 00 02 00 00 00 01 42 3b 3f 80 
  339 000000000fe4 000000007507e4 00042 0003b 0003e 0ff0d 00200 00000 00100 0d ff 00 02 00 00 00 01 42 3b 3e 80 
  340 000000000ff0 000000007507f0 0003f 0003a 0003f 0ff0e 00300 00000 00100 0e ff 00 03 00 00 00 01 3f 3a 3f 80 
  341 000000000ffc 000000007507fc 0003f 0003a 0003e 0ff0e 00000 00000 00100 0e ff 00 00 00 00 00 01 3f 3a 3e 80 
  342 000000001008 00000000750808 00041 0003a 0003f 0ff0e 00200 00000 00100 0e ff 00 02 00 00 00 01 41 3a 3f 80 
  343 000000001014 00000000750814 00041 0003a 0003e 0ff0e 00100 00000 00100 0e ff 00 01 00 00 00 01 41 3a 3e 80 
  344 000000001020 00000000750820 00040 0003a 0003f 0ff0d 00300 00000 00100 0d ff 00 03 00 00 00 01 40 3a 3f 80 
  345 00000000102c 0000000075082c 00040 0003a 0003e 0ff0d 00100 00000 00100 0d ff 00 01 00 00 00 01 40 3a 3e 80 
  346 000000001038 00000000750838 00049 00040 00044 00306 00100 0d300 0022d 06 03 00 01 00 d3 2d 02 49 40 44 80 
  347 000000001044 00000000750844 00047 00040 0003d 0ff01 00100 00000 00300 01 ff 00 01 00 00 00 03 47 40 3d 80 
  348 000000001050 00000000750850 00047 00040 0003e 0ff1d 00300 00001 00300 1d ff 00 03 01 00 00 03 47 40 3e 80 
  349 00000000105c 0000000075085c 00047 0003f 00040 0ff01 00100 00000 00200 01 ff 00 01 00 00 00 02 47 3f 40 80 
  350 000000001068 00000000750868 0004e 0003e 0003a 0ff2a 00000 00001 0ff00 2a ff 00 00 01 00 00 ff 4e 3e 3a 80 
  351 000000001074 00000000750874 00047 0003f 00041 0ff1d 00300 00001 00200 1d ff 00 03 01 00 00 02 47 3f 41 80 
  352 000000001080 00000000750880 00047 0003e 00042 0ff00 00300 00000 00200 00 ff 00 03 00 00 00 02 47 3e 42 80 
  353 00000000108c 0000000075088c 00044 00040 00046 00303 00100 07f01 00200 03 03 00 01 01 7f 00 02 44 40 46 80 
  354 000000001098 00000000750898 00044 00040 00043 00304 00100 05900 00259 04 03 00 01 00 59 59 02 44 40 43 80 
  355 0000000010a4 000000007508a4 00044 00040 00045 00303 00100 07f01 00200 03 03 00 01 01 7f 00 02 44 40 45 80 
  356 0000000010b0 000000007508b0 00044 00040 00044 00303 00100 07f01 00200 03 03 00 01 01 7f 00 02 44 40 44 80 
  357 0000000010bc 000000007508bc 00047 0003b 00045 0030d 00100 00000 00200 0d 03 00 01 00 00 00 02 47 3b 45 80 
  358 0000000010c8 000000007508c8 00044 00040 00047 00303 00100 07f01 00200 03 03 00 01 01 7f 00 02 44 40 47 80 
  359 0000000010d4 000000007508d4 00044 00040 00048 00304 00000 05900 002a7 04 03 00 00 00 59 a7 02 44 40 48 80 
  360 0000000010e0 000000007508e0 00045 00040 00044 00306 00100 02d00 0022d 06 03 00 01 00 2d 2d 02 45 40 44 80 
  361 0000000010ec 000000007508ec 00045 00040 00043 00303 00200 00001 0027f 03 03 00 02 01 00 7f 02 45 40 43 80 
  362 0000000010f8 000000007508f8 00045 00040 00045 00306 00100 04000 00200 06 03 00 01 00 40 00 02 45 40 45 80 
  363 000000001104 00000000750904 00045 00040 00046 00306 00100 04000 00200 06 03 00 01 00 40 00 02 45 40 46 80 
  364 000000001110 00000000750910 00047 0003b 00046 0030d 00300 00000 00200 0d 03 00 03 00 00 00 02 47 3b 46 80 
  365 00000000111c 0000000075091c 00045 00040 00047 00306 00100 02d00 002d3 06 03 00 01 00 2d d3 02 45 40 47 80 
  366 000000001128 00000000750928 00045 00040 00048 00303 00000 00001 00281 03 03 00 00 01 00 81 02 45 40 48 80 
  367 000000001134 00000000750934 00046 00040 00044 00306 00100 00000 00240 06 03 00 01 00 00 40 02 46 40 44 80 
  368 000000001140 00000000750940 00046 00040 00043 00303 00200 00001 0027f 03 03 00 02 01 00 7f 02 46 40 43 80 
  369 00000000114c 0000000075094c 00046 00040 00045 00306 00100 00000 00200 06 03 00 01 00 00 00 02 46 40 45 80 
  370 000000001158 00000000750958 00046 00040 00046 00306 00100 00000 00200 06 03 00 01 00 00 00 02 46 40 46 80 
  371 000000001164 00000000750964 00048 0003b 00046 0030e 00200 00000 00200 0e 03 00 02 00 00 00 02 48 3b 46 80 
  372 000000001170 00000000750970 00046 00040 00047 00306 00100 00000 002c0 06 03 00 01 00 00 c0 02 46 40 47 80 
  373 00000000117c 0000000075097c 00046 00040 00048 00303 00000 00001 00281 03 03 00 00 01 00 81 02 46 40 48 80 
  374 000000001188 00000000750988 00047 00040 00044 00306 00100 00000 00240 06 03 00 01 00 00 40 02 47 40 44 80 
  375 000000001194 00000000750994 00047 00040 00043 00303 00200 00001 0027f 03 03 00 02 01 00 7f 02 47 40 43 80 
  376 0000000011a0 000000007509a0 00047 00040 00045 00306 00100 00000 00200 06 03 00 01 00 00 00 02 47 40 45 80 
  377 0000000011ac 000000007509ac 00047 00040 00046 00306 00100 00000 00200 06 03 00 01 00 00 00 02 47 40 46 80 
  378 0000000011b8 000000007509b8 00046 0003b 00046 0030e 00300 00000 00200 0e 03 00 03 00 00 00 02 46 3b 46 80 
  379 0000000011c4 000000007509c4 00047 00040 00047 00306 00100 00000 002c0 06 03 00 01 00 00 c0 02 47 40 47 80 
  380 0000000011d0 000000007509d0 00047 00040 00048 00303 00000 00001 00281 03 03 00 00 01 00 81 02 47 40 48 80 
  381 0000000011dc 000000007509dc 00048 00040 00044 00306 00100 00000 00240 06 03 00 01 00 00 40 02 48 40 44 80 
  382 0000000011e8 000000007509e8 00049 00040 00043 00303 00200 00001 0027f 03 03 00 02 01 00 7f 02 49 40 43 80 
  383 0000000011f4 000000007509f4 00048 00040 00045 00306 00100 00000 00200 06 03 00 01 00 00 00 02 48 40 45 80 
  384 000000001200 00000000750a00 00048 00040 00046 00306 00100 00000 00200 06 03 00 01 00 00 00 02 48 40 46 80 
  385 00000000120c 00000000750a0c 00045 0003e 0003d 0ff01 00000 00000 00100 01 ff 00 00 00 00 00 01 45 3e 3d 80 
  386 000000001218 00000000750a18 00048 00040 00047 00306 00100 00000 002c0 06 03 00 01 00 00 c0 02 48 40 47 80 
  387 000000001224 00000000750a24 00048 00040 00048 00303 00000 00001 00281 03 03 00 00 01 00 81 02 48 40 48 80 
  388 000000001230 00000000750a30 00048 00040 00043 00305 00200 00000 0027f 05 03 00 02 00 00 7f 02 48 40 43 80 
  389 00000000123c 00000000750a3c 00049 00040 00045 00306 00100 0c000 00200 06 03 00 01 00 c0 00 02 49 40 45 80 
  390 000000001248 00000000750a48 00049 00040 00046 00306 00100 0c000 00200 06 03 00 01 00 c0 00 02 49 40 46 80 
  391 000000001254 00000000750a54 00047 0003b 00038 0040e 00300 00000 00300 0e 04 00 03 00 00 00 03 47 3b 38 80 
  392 000000001260 00000000750a60 00049 00040 00047 00306 00100 0d300 002d3 06 03 00 01 00 d3 d3 02 49 40 47 80 
  393 00000000126c 00000000750a6c 00049 00040 00048 00303 00000 00001 00281 03 03 00 00 01 00 81 02 49 40 48 80 
  394 000000001278 00000000750a78 0004a 00040 00044 00303 00300 08101 00200 03 03 00 03 01 81 00 02 4a 40 44 80 
  395 000000001284 00000000750a84 0004a 00040 00043 00304 00200 0a700 00259 04 03 00 02 00 a7 59 02 4a 40 43 80 
  396 000000001290 00000000750a90 0004a 00040 00045 00303 00300 08101 00200 03 03 00 03 01 81 00 02 4a 40 45 80 
  397 00000000129c 00000000750a9c 0004a 00040 00046 00303 00300 08101 00200 03 03 00 03 01 81 00 02 4a 40 46 80 
  398 0000000012a8 00000000750aa8 00046 0003c 00039 0040e 00300 02d00 003d3 0e 04 00 03 00 2d d3 03 46 3c 39 80 
  399 0000000012b4 00000000750ab4 0004a 00040 00047 00303 00300 08101 00200 03 03 00 03 01 81 00 02 4a 40 47 80 
  400 0000000012c0 00000000750ac0 0004a 00040 00048 00304 00300 0a700 002a7 04 03 00 03 00 a7 a7 02 4a 40 48 80 
  401 0000000012cc 00000000750acc 00045 00040 0003f 0ff01 00000 00000 00100 01 ff 00 00 00 00 00 01 45 40 3f 80 
  402 0000000012d8 00000000750ad8 00046 00040 0003f 0ff01 00000 00000 00100 01 ff 00 00 00 00 00 01 46 40 3f 80 
  403 0000000012e4 00000000750ae4 00047 00040 0003f 0ff01 00000 00000 00100 01 ff 00 00 00 00 00 01 47 40 3f 80 
  404 0000000012f0 00000000750af0 00049 0003f 00048 00321 00300 00000 00200 21 03 00 03 00 00 00 02 49 3f 48 80 
  405 0000000012fc 00000000750afc  BLANK  BLANK  BLANK 0ff00 00000 00000 0ff00 00 ff 00 00 00 00 00 ff ff 00 00 00 
  406 000000001308 00000000750b08 00048 00040 0003f 0ff02 00300 00000 0ff00 02 ff 00 03 00 00 00 ff 48 40 3f 80 
  407 000000001314 00000000750b14 00048 00040 00040 0ff01 00100 00000 00200 01 ff 00 01 00 00 00 02 48 40 40 80 
  408 000000001320 00000000750b20 00048 00040 00041 0ff01 00100 00000 00200 01 ff 00 01 00 00 00 02 48 40 41 80 
  409 00000000132c 00000000750b2c 0004a 0003f 00047 00321 00200 00000 002c0 21 03 00 02 00 00 c0 02 4a 3f 47 80 
  410 000000001338 00000000750b38 0004a 0003f 00048 00323 00200 0a700 002a7 23 03 00 02 00 a7 a7 02 4a 3f 48 80 
  411 000000001344 00000000750b44 00048 00040 00042 0ff01 00100 00000 00200 01 ff 00 01 00 00 00 02 48 40 42 80 
  412 000000001350 00000000750b50 00049 0003e 00048 00325 00300 00001 00281 25 03 00 03 01 00 81 02 49 3e 48 80 
  413 00000000135c 00000000750b5c 0004a 0003e 00047 00326 00200 08101 00200 26 03 00 02 01 81 00 02 4a 3e 47 80 
  414 000000001368 00000000750b68 0004a 0003e 00048 00324 00200 0a700 002a7 24 03 00 02 00 a7 a7 02 4a 3e 48 80 
  415 000000001374 00000000750b74 00047 0003c 00039 0040d 00300 00000 003c0 0d 04 00 03 00 00 c0 03 47 3c 39 80 
  416 000000001380 00000000750b80 00048 0003c 00039 0040d 00300 00000 003c0 0d 04 00 03 00 00 c0 03 48 3c 39 80 
  417 00000000138c 00000000750b8c 0004a 0003f 00046 00321 00200 00000 00200 21 03 00 02 00 00 00 02 4a 3f 46 80 
  418 000000001398 00000000750b98 0004a 0003e 00046 00326 00200 08101 00200 26 03 00 02 01 81 00 02 4a 3e 46 80 
  419 0000000013a4 00000000750ba4 0004a 0003f 00045 00321 00200 00000 00200 21 03 00 02 00 00 00 02 4a 3f 45 80 
  420 0000000013b0 00000000750bb0 0004a 0003e 00045 00326 00200 08101 00200 26 03 00 02 01 81 00 02 4a 3e 45 80 
  421 0000000013bc 00000000750bbc 0004a 0003f 00044 00321 00200 00000 00240 21 03 00 02 00 00 40 02 4a 3f 44 80 
  422 0000000013c8 00000000750bc8 0004a 0003e 00044 00326 00200 08101 00200 26 03 00 02 01 81 00 02 4a 3e 44 80 
  423 0000000013d4 00000000750bd4 0004a 0003f 00043 00323 00100 0a700 00259 23 03 00 01 00 a7 59 02 4a 3f 43 80 
  424 0000000013e0 00000000750be0 0004a 0003e 00043 00324 00100 0a700 00259 24 03 00 01 00 a7 59 02 4a 3e 43 80 
  425 0000000013ec 00000000750bec 00048 0003f 00048 0032b 00300 0c800 0028f 2b 03 00 03 00 c8 8f 02 48 3f 48 80 
  426 0000000013f8 00000000750bf8 00047 0003f 00048 0032c 00100 00000 00281 2c 03 00 01 00 00 81 02 47 3f 48 80 
  427 000000001404 00000000750c04 00046 0003f 00048 0032d 00300 03800 0028f 2d 03 00 03 00 38 8f 02 46 3f 48 80 
  428 000000001410 00000000750c10 00045 0003f 00048 00321 00300 00000 00200 21 03 00 03 00 00 00 02 45 3f 48 80 
  429 00000000141c 00000000750c1c 00044 0003f 00048 00323 00300 05900 002a7 23 03 00 03 00 59 a7 02 44 3f 48 80 
  430 000000001428 00000000750c28 00044 0003f 00047 00321 00000 00000 002c0 21 03 00 00 00 00 c0 02 44 3f 47 80 
  431 000000001434 00000000750c34 00049 0003c 00039 0040d 00300 00000 003c0 0d 04 00 03 00 00 c0 03 49 3c 39 80 
  432 000000001440 00000000750c40 00044 0003f 00046 00321 00000 00000 00200 21 03 00 00 00 00 00 02 44 3f 46 80 
  433 00000000144c 00000000750c4c 00044 0003f 00045 00321 00000 00000 00200 21 03 00 00 00 00 00 02 44 3f 45 80 
  434 000000001458 00000000750c58 00044 0003f 00044 00321 00000 00000 00240 21 03 00 00 00 00 40 02 44 3f 44 80 
  435 000000001464 00000000750c64 00044 0003f 00043 00323 00000 05900 00259 23 03 00 00 00 59 59 02 44 3f 43 80 
  436 000000001470 00000000750c70 00045 0003f 00043 00321 00100 04000 00200 21 03 00 01 00 40 00 02 45 3f 43 80 
  437 00000000147c 00000000750c7c 00046 0003f 00043 00321 00100 0c000 00200 21 03 00 01 00 c0 00 02 46 3f 43 80 
  438 000000001488 00000000750c88 00047 0003f 00043 00320 00100 00000 0027f 20 03 00 01 00 00 7f 02 47 3f 43 80 
  439 000000001494 00000000750c94 00048 0003f 00043 00321 00100 04000 00200 21 03 00 01 00 40 00 02 48 3f 43 80 
  440 0000000014a0 00000000750ca0 00049 0003f 00043 00321 00100 0c000 00200 21 03 00 01 00 c0 00 02 49 3f 43 80 
  441 0000000014ac 00000000750cac 00047 0003f 00044 00327 00300 00000 00240 27 03 00 03 00 00 40 02 47 3f 44 80 
  442 0000000014b8 00000000750cb8 00047 0003f 00045 00327 00100 00000 00200 27 03 00 01 00 00 00 02 47 3f 45 80 
  443 0000000014c4 00000000750cc4 00047 0003f 00046 00327 00100 00000 002c0 27 03 00 01 00 00 c0 02 47 3f 46 80 
  444 0000000014d0 00000000750cd0 0004a 0003c 00039 0040e 00200 0d300 003d3 0e 04 00 02 00 d3 d3 03 4a 3c 39 80 
  445 0000000014dc 00000000750cdc 00047 0003f 00047 0032e 00100 00000 0027f 2e 03 00 01 00 00 7f 02 47 3f 47 80 
  446 0000000014e8 00000000750ce8 00048 0003f 00047 0032f 00200 0a700 00259 2f 03 00 02 00 a7 59 02 48 3f 47 80 
  447 0000000014f4 00000000750cf4 00046 0003f 00047 0032f 00100 05900 00259 2f 03 00 01 00 59 59 02 46 3f 47 80 
  448 000000001500 00000000750d00 00048 0003e 00048 00330 00300 00001 00281 30 03 00 03 01 00 81 02 48 3e 48 80 
  449 00000000150c 00000000750d0c 00047 0003e 00048 00331 00100 00001 00281 31 03 00 01 01 00 81 02 47 3e 48 80 
  450 000000001518 00000000750d18 00046 0003e 00048 00332 00300 00001 00281 32 03 00 03 01 00 81 02 46 3e 48 80 
  451 000000001524 00000000750d24 00045 0003e 00048 00322 00300 00001 00281 22 03 00 03 01 00 81 02 45 3e 48 80 
  452 000000001530 00000000750d30 00044 0003e 00048 00324 00300 05900 002a7 24 03 00 03 00 59 a7 02 44 3e 48 80 
  453 00000000153c 00000000750d3c 00047 0003e 00043 0031f 00100 00001 0027f 1f 03 00 01 01 00 7f 02 47 3e 43 80 
  454 000000001548 00000000750d48 00047 0003e 00044 00328 00100 00000 00240 28 03 00 01 00 00 40 02 47 3e 44 80 
  455 000000001554 00000000750d54 00047 0003e 00045 00328 00100 00000 00200 28 03 00 01 00 00 00 02 47 3e 45 80 
  456 000000001560 00000000750d60 00047 0003e 00046 00329 00100 00000 002c0 29 03 00 01 00 00 c0 02 47 3e 46 80 
  457 00000000156c 00000000750d6c 00046 0003c 00036 0040e 00000 02d00 0032d 0e 04 00 00 00 2d 2d 03 46 3c 36 80 
  458 000000001578 00000000750d78 00048 0003e 00047 00333 00200 0a700 00259 33 03 00 02 00 a7 59 02 48 3e 47 80 
  459 000000001584 00000000750d84 00046 0003e 00047 00334 00200 05900 00259 34 03 00 02 00 59 59 02 46 3e 47 80 
  460 000000001590 00000000750d90 00047 0003e 00047 00335 00100 00000 0027f 35 03 00 01 00 00 7f 02 47 3e 47 80 
  461 00000000159c 00000000750d9c 00044 0003e 00047 00326 00000 07f01 00200 26 03 00 00 01 7f 00 02 44 3e 47 80 
  462 0000000015a8 00000000750da8 00047 0003c 00036 0040d 00100 00000 00340 0d 04 00 01 00 00 40 03 47 3c 36 80 
  463 0000000015b4 00000000750db4 00044 0003e 00046 00326 00000 07f01 00200 26 03 00 00 01 7f 00 02 44 3e 46 80 
  464 0000000015c0 00000000750dc0 00044 0003e 00045 00326 00000 07f01 00200 26 03 00 00 01 7f 00 02 44 3e 45 80 
  465 0000000015cc 00000000750dcc 00044 0003e 00044 00326 00000 07f01 00200 26 03 00 00 01 7f 00 02 44 3e 44 80 
  466 0000000015d8 00000000750dd8 00044 0003e 00043 00324 00000 05900 00259 24 03 00 00 00 59 59 02 44 3e 43 80 
  467 0000000015e4 00000000750de4 00045 0003e 00043 00326 00100 00001 0027f 26 03 00 01 01 00 7f 02 45 3e 43 80 
  468 0000000015f0 00000000750df0 00046 0003e 00043 00325 00100 00001 0027f 25 03 00 01 01 00 7f 02 46 3e 43 80 
  469 0000000015fc 00000000750dfc 00048 0003e 00043 00322 00100 00001 0027f 22 03 00 01 01 00 7f 02 48 3e 43 80 
  470 000000001608 00000000750e08 00049 0003e 00043 00326 00100 00001 0027f 26 03 00 01 01 00 7f 02 49 3e 43 80 
  471 000000001614 00000000750e14 00045 0003c 00047 0030e 00300 02d00 002d3 0e 03 00 03 00 2d d3 02 45 3c 47 80 
  472 000000001620 00000000750e20 00046 0003c 00047 0030d 00300 00000 002c0 0d 03 00 03 00 00 c0 02 46 3c 47 80 
  473 00000000162c 00000000750e2c 00047 0003c 00047 0030d 00300 00000 002c0 0d 03 00 03 00 00 c0 02 47 3c 47 80 
  474 000000001638 00000000750e38 00048 0003c 00047 0030d 00300 00000 002c0 0d 03 00 03 00 00 c0 02 48 3c 47 80 
  475 000000001644 00000000750e44 00049 0003c 00047 0030e 00200 0d300 002d3 0e 03 00 02 00 d3 d3 02 49 3c 47 80 
  476 000000001650 00000000750e50 00045 0003c 00044 0030e 00000 02d00 0022d 0e 03 00 00 00 2d 2d 02 45 3c 44 80 
  477 00000000165c 00000000750e5c 00046 0003c 00044 0030d 00100 00000 00240 0d 03 00 01 00 00 40 02 46 3c 44 80 
  478 000000001668 00000000750e68 00047 0003c 00044 0030d 00100 00000 00240 0d 03 00 01 00 00 40 02 47 3c 44 80 
  479 000000001674 00000000750e74 00048 0003c 00044 0030d 00100 00000 00240 0d 03 00 01 00 00 40 02 48 3c 44 80 
  480 000000001680 00000000750e80 00049 0003c 00044 0030e 00100 0d300 0022d 0e 03 00 01 00 d3 2d 02 49 3c 44 80 
  481 00000000168c 00000000750e8c  BLANK  BLANK  BLANK 0ff00 00000 00000 0ff00 00 ff 00 00 00 00 00 ff ff 00 00 00 
  482 000000001698 00000000750e98 00045 0003c 00046 0030d 00000 04000 00200 0d 03 00 00 00 40 00 02 45 3c 46 80 
  483 0000000016a4 00000000750ea4 00045 0003c 00045 0030d 00000 04000 00200 0d 03 00 00 00 40 00 02 45 3c 45 80 
  484 0000000016b0 00000000750eb0 00049 0003c 00046 0030d 00200 0c000 00200 0d 03 00 02 00 c0 00 02 49 3c 46 80 
  485 0000000016bc 00000000750ebc 00049 0003c 00045 0030d 00200 0c000 00200 0d 03 00 02 00 c0 00 02 49 3c 45 80 
  486 0000000016c8 00000000750ec8 00048 0003b 00045 0030e 00100 00000 00200 0e 03 00 01 00 00 00 02 48 3b 45 80 
  487 0000000016d4 00000000750ed4 00046 0003b 00045 0030e 00000 00000 00200 0e 03 00 00 00 00 00 02 46 3b 45 80 
  488 0000000016e0 00000000750ee0 00048 0003c 00036 0040d 00100 00000 00340 0d 04 00 01 00 00 40 03 48 3c 36 80 
  489 0000000016ec 00000000750eec 00049 0003c 00036 0040d 00100 00000 00340 0d 04 00 01 00 00 40 03 49 3c 36 80 
  490 0000000016f8 00000000750ef8 0004a 0003c 00036 0040e 00100 0d300 0032d 0e 04 00 01 00 d3 2d 03 4a 3c 36 80 
  491 000000001704 00000000750f04 00046 0003c 00038 0040d 00000 04000 00300 0d 04 00 00 00 40 00 03 46 3c 38 80 
  492 000000001710 00000000750f10 00046 0003c 00037 0040d 00000 04000 00300 0d 04 00 00 00 40 00 03 46 3c 37 80 
  493 00000000171c 00000000750f1c 0004a 0003c 00038 0040d 00200 0c000 00300 0d 04 00 02 00 c0 00 03 4a 3c 38 80 
  494 000000001728 00000000750f28 0004a 0003c 00037 0040d 00200 0c000 00300 0d 04 00 02 00 c0 00 03 4a 3c 37 80 
  495 000000001734 00000000750f34 00049 0003b 00037 0040e 00100 00000 00300 0e 04 00 01 00 00 00 03 49 3b 37 80 
  496 000000001740 00000000750f40 00047 0003b 00037 0040e 00000 00000 00300 0e 04 00 00 00 00 00 03 47 3b 37 80 
  497 00000000174c 00000000750f4c 00034 0003e 0003d 0ff01 00000 00000 0ff00 01 ff 00 00 00 00 00 ff 34 3e 3d 80 
  498 000000001758 00000000750f58 00033 0003e 0003d 0ff01 00000 00000 0ff00 01 ff 00 00 00 00 00 ff 33 3e 3d 80 
  499 000000001764 00000000750f64 00032 0003e 0003d 0ff01 00000 00000 0ff00 01 ff 00 00 00 00 00 ff 32 3e 3d 80 
  500 000000001770 00000000750f70 00031 0003e 0003d 0ff01 00000 00000 0ff00 01 ff 00 00 00 00 00 ff 31 3e 3d 80 
  501 00000000177c 00000000750f7c 00030 0003e 0003d 0ff36 00200 00000 0ff00 36 ff 00 02 00 00 00 ff 30 3e 3d 80 
  502 000000001788 00000000750f88  BLANK  BLANK  BLANK 0ff00 00000 00001 0ff00 00 ff 00 00 01 00 00 ff ff 00 00 00 
  503 000000001794 00000000750f94  BLANK  BLANK  BLANK 0ff00 00000 00000 0ff00 00 ff 00 00 00 00 00 ff ff 00 00 00 
  504 0000000017a0 00000000750fa0  BLANK  BLANK  BLANK 0ff00 00000 00000 0ff00 00 ff 00 00 00 00 00 ff ff 00 00 00 
  505 0000000017ac 00000000750fac  BLANK  BLANK  BLANK 0ff00 00000 00001 0ff00 00 ff 00 00 01 00 00 ff ff 00 00 00 
  506 0000000017b8 00000000750fb8  BLANK  BLANK  BLANK 0ff00 00000 00000 0ff00 00 ff 00 00 00 00 00 ff ff 00 00 00 
  507 0000000017c4 00000000750fc4 0004a 00040 00038 00406 00000 0c000 00300 06 04 00 00 00 c0 00 03 4a 40 38 80 
  508 0000000017d0 00000000750fd0  BLANK  BLANK  BLANK 0ff00 00000 00000 0ff00 00 ff 00 00 00 00 00 ff ff 00 00 00 
  509 0000000017dc 00000000750fdc  BLANK  BLANK  BLANK 0ff00 00000 00000 0ff00 00 ff 00 00 00 00 00 ff ff 00 00 00 
  510 0000000017e8 00000000750fe8  BLANK  BLANK  BLANK 0ff00 00000 00001 0ff00 00 ff 00 00 01 00 00 ff ff 00 00 00 
  511 0000000017f4 00000000750ff4  BLANK  BLANK  BLANK 0ff00 00000 00000 0ff00 00 ff 00 00 00 00 00 ff ff 00 00 00 

========================================================================================================================
Summary for death_world_lingering_curse_layer:
  Total tiles: 512
  Non-blank tiles: 500
  Blank tiles: 12
