Area: earth_world_rotting_cavern
Index: 5
========================================================================================================================

Tile Format (12 bytes = 0x0C):
  Offset 0x00-0x01: x position (UInt16)
  Offset 0x02-0x03: y position (UInt16)
  Offset 0x04-0x05: z position (UInt16)
  Offset 0x06-0x07: rotation_z (UInt16)
  Offset 0x08: tileX (UInt8) - blank if 0xFF
  Offset 0x09: tileY (UInt8)
  Offset 0x0A: tileZ (UInt8)
  Offset 0x0B: unknown (UInt8)
========================================================================================================================

Index OffsetInFile AbsoluteOffset TileX TileY TileZ PosX  PosY  PosZ  RotZ  RawBytes (hex)
------------------------------------------------------------------------------------------------------------------------
    0 000000000000 000000005b1800 00040 00040 00040 00300 00000 04000 00200 00 03 00 00 00 40 00 02 40 40 40 80 
    1 00000000000c 000000005b180c 00040 00040 00041 00300 00000 04000 00200 00 03 00 00 00 40 00 02 40 40 41 80 
    2 000000000018 000000005b1818 00040 00040 00042 00300 00000 02d00 002d3 00 03 00 00 00 2d d3 02 40 40 42 80 
    3 000000000024 000000005b1824 00040 00040 0003d 00300 00000 02d00 0022d 00 03 00 00 00 2d 2d 02 40 40 3d 80 
    4 000000000030 000000005b1830 00040 00040 0003e 00300 00000 04000 00200 00 03 00 00 00 40 00 02 40 40 3e 80 
    5 00000000003c 000000005b183c 00040 00040 0003f 00300 00000 04000 00200 00 03 00 00 00 40 00 02 40 40 3f 80 
    6 000000000048 000000005b1848 00041 00040 00040 00300 00000 00000 00200 00 03 00 00 00 00 00 02 41 40 40 80 
    7 000000000054 000000005b1854 00041 00040 00041 00300 00000 00000 00200 00 03 00 00 00 00 00 02 41 40 41 80 
    8 000000000060 000000005b1860 00041 00040 00042 00301 00000 00000 002c0 01 03 00 00 00 00 c0 02 41 40 42 80 
    9 00000000006c 000000005b186c 00041 00040 0003d 00300 00000 00000 00240 00 03 00 00 00 00 40 02 41 40 3d 80 
   10 000000000078 000000005b1878 00041 00040 0003e 00301 00100 00000 00200 01 03 00 01 00 00 00 02 41 40 3e 80 
   11 000000000084 000000005b1884 00041 00040 0003f 00300 00000 00000 00200 00 03 00 00 00 00 00 02 41 40 3f 80 
   12 000000000090 000000005b1890 00042 00040 00040 00300 00000 00000 00200 00 03 00 00 00 00 00 02 42 40 40 80 
   13 00000000009c 000000005b189c 00042 00040 00041 00300 00000 00000 00200 00 03 00 00 00 00 00 02 42 40 41 80 
   14 0000000000a8 000000005b18a8 00042 00040 00042 00300 00000 00000 002c0 00 03 00 00 00 00 c0 02 42 40 42 80 
   15 0000000000b4 000000005b18b4 00042 00040 0003d 00300 00000 00000 00240 00 03 00 00 00 00 40 02 42 40 3d 80 
   16 0000000000c0 000000005b18c0 00042 00040 0003e 00300 00000 00000 00200 00 03 00 00 00 00 00 02 42 40 3e 80 
   17 0000000000cc 000000005b18cc 00042 00040 0003f 00301 00300 00000 00200 01 03 00 03 00 00 00 02 42 40 3f 80 
   18 0000000000d8 000000005b18d8 00043 00040 00040 00300 00000 00000 00200 00 03 00 00 00 00 00 02 43 40 40 80 
   19 0000000000e4 000000005b18e4 00043 00040 00041 00301 00100 00000 00200 01 03 00 01 00 00 00 02 43 40 41 80 
   20 0000000000f0 000000005b18f0 00043 00040 00042 00300 00000 00000 002c0 00 03 00 00 00 00 c0 02 43 40 42 80 
   21 0000000000fc 000000005b18fc 00043 00040 0003d 00300 00000 00000 00240 00 03 00 00 00 00 40 02 43 40 3d 80 
   22 000000000108 000000005b1908 00043 00040 0003e 00300 00000 00000 00200 00 03 00 00 00 00 00 02 43 40 3e 80 
   23 000000000114 000000005b1914 00043 00040 0003f 00300 00000 00000 00200 00 03 00 00 00 00 00 02 43 40 3f 80 
   24 000000000120 000000005b1920 00044 00040 00040 00300 00000 00000 00200 00 03 00 00 00 00 00 02 44 40 40 80 
   25 00000000012c 000000005b192c 00044 00040 00041 00300 00000 00000 00200 00 03 00 00 00 00 00 02 44 40 41 80 
   26 000000000138 000000005b1938 00044 00040 00042 00300 00000 00000 002c0 00 03 00 00 00 00 c0 02 44 40 42 80 
   27 000000000144 000000005b1944 00044 00040 0003d 00300 00000 00000 00240 00 03 00 00 00 00 40 02 44 40 3d 80 
   28 000000000150 000000005b1950 00044 00040 0003e 00300 00000 00000 00200 00 03 00 00 00 00 00 02 44 40 3e 80 
   29 00000000015c 000000005b195c 00044 00040 0003f 00301 00200 00000 00200 01 03 00 02 00 00 00 02 44 40 3f 80 
   30 000000000168 000000005b1968 00045 00040 00040 00300 00000 0c000 00200 00 03 00 00 00 c0 00 02 45 40 40 80 
   31 000000000174 000000005b1974 00045 00040 00041 00300 00000 0c000 00200 00 03 00 00 00 c0 00 02 45 40 41 80 
   32 000000000180 000000005b1980 00045 00040 00042 00300 00000 0d300 002d3 00 03 00 00 00 d3 d3 02 45 40 42 80 
   33 00000000018c 000000005b198c 00045 00040 0003d 00300 00000 0d300 0022d 00 03 00 00 00 d3 2d 02 45 40 3d 80 
   34 000000000198 000000005b1998 00045 00040 0003e 00300 00000 0c000 00200 00 03 00 00 00 c0 00 02 45 40 3e 80 
   35 0000000001a4 000000005b19a4 00045 00040 0003f 00300 00000 0c000 00200 00 03 00 00 00 c0 00 02 45 40 3f 80 
   36 0000000001b0 000000005b19b0 00040 00040 00043 00302 00200 00000 00281 02 03 00 02 00 00 81 02 40 40 43 80 
   37 0000000001bc 000000005b19bc 00041 00040 00043 00303 00000 00000 00281 03 03 00 00 00 00 81 02 41 40 43 80 
   38 0000000001c8 000000005b19c8 00042 00040 00043 00304 00000 00000 00281 04 03 00 00 00 00 81 02 42 40 43 80 
   39 0000000001d4 000000005b19d4 00043 00040 00043 00303 00000 00000 00281 03 03 00 00 00 00 81 02 43 40 43 80 
   40 0000000001e0 000000005b19e0 00044 00040 00043 00305 00200 00000 00281 05 03 00 02 00 00 81 02 44 40 43 80 
   41 0000000001ec 000000005b19ec 00045 00040 00043 00304 00000 00000 00281 04 03 00 00 00 00 81 02 45 40 43 80 
   42 0000000001f8 000000005b19f8 0003f 00040 00042 00304 00100 07f00 00200 04 03 00 01 00 7f 00 02 3f 40 42 80 
   43 000000000204 000000005b1a04 0003f 00040 00041 00303 00100 07f00 00200 03 03 00 01 00 7f 00 02 3f 40 41 80 
   44 000000000210 000000005b1a10 0003f 00040 00040 00303 00100 07f00 00200 03 03 00 01 00 7f 00 02 3f 40 40 80 
   45 00000000021c 000000005b1a1c 0003f 00040 0003f 00306 00100 07f00 00200 06 03 00 01 00 7f 00 02 3f 40 3f 80 
   46 000000000228 000000005b1a28 0003f 00040 0003e 00304 00100 07f00 00200 04 03 00 01 00 7f 00 02 3f 40 3e 80 
   47 000000000234 000000005b1a34 0003f 00040 0003d 00306 00100 07f00 00200 06 03 00 01 00 7f 00 02 3f 40 3d 80 
   48 000000000240 000000005b1a40 0003f 00040 0003c 00307 00100 05900 00259 07 03 00 01 00 59 59 02 3f 40 3c 80 
   49 00000000024c 000000005b1a4c 00040 00040 0003c 00304 00200 00000 0027f 04 03 00 02 00 00 7f 02 40 40 3c 80 
   50 000000000258 000000005b1a58 00041 00040 0003c 00303 00200 00000 0027f 03 03 00 02 00 00 7f 02 41 40 3c 80 
   51 000000000264 000000005b1a64 00042 00040 0003c 00305 00000 00000 0027f 05 03 00 00 00 00 7f 02 42 40 3c 80 
   52 000000000270 000000005b1a70 00043 00040 0003c 00303 00200 00000 0027f 03 03 00 02 00 00 7f 02 43 40 3c 80 
   53 00000000027c 000000005b1a7c 00044 00040 0003c 00306 00200 00000 0027f 06 03 00 02 00 00 7f 02 44 40 3c 80 
   54 000000000288 000000005b1a88 00045 00040 0003c 00303 00200 00000 0027f 03 03 00 02 00 00 7f 02 45 40 3c 80 
   55 000000000294 000000005b1a94 00046 00040 0003c 00308 00200 0a700 00259 08 03 00 02 00 a7 59 02 46 40 3c 80 
   56 0000000002a0 000000005b1aa0 00046 00040 00043 00308 00300 0a700 002a7 08 03 00 03 00 a7 a7 02 46 40 43 80 
   57 0000000002ac 000000005b1aac 00046 00040 00042 00303 00300 08100 00200 03 03 00 03 00 81 00 02 46 40 42 80 
   58 0000000002b8 000000005b1ab8 00046 00040 00041 00306 00300 08100 00200 06 03 00 03 00 81 00 02 46 40 41 80 
   59 0000000002c4 000000005b1ac4 00046 00040 00040 00303 00300 08100 00200 03 03 00 03 00 81 00 02 46 40 40 80 
   60 0000000002d0 000000005b1ad0 00046 00040 0003f 00303 00300 08100 00200 03 03 00 03 00 81 00 02 46 40 3f 80 
   61 0000000002dc 000000005b1adc 00046 00040 0003e 00306 00300 08100 00200 06 03 00 03 00 81 00 02 46 40 3e 80 
   62 0000000002e8 000000005b1ae8 00046 00040 0003d 00302 00100 08100 00200 02 03 00 01 00 81 00 02 46 40 3d 80 
   63 0000000002f4 000000005b1af4 0003f 00040 00043 00307 00000 05900 002a7 07 03 00 00 00 59 a7 02 3f 40 43 80 
   64 000000000300 000000005b1b00 00044 00040 00044 0ff09 00000 00000 00200 09 ff 00 00 00 00 00 02 44 40 44 80 
   65 00000000030c 000000005b1b0c 00044 00040 00045 00405 00000 00000 0027f 05 04 00 00 00 00 7f 02 44 40 45 80 
   66 000000000318 000000005b1b18 00043 00040 00045 00404 00200 00000 0027f 04 04 00 02 00 00 7f 02 43 40 45 80 
   67 000000000324 000000005b1b24 00042 00040 00045 00408 00100 05900 00259 08 04 00 01 00 59 59 02 42 40 45 80 
   68 000000000330 000000005b1b30 00042 00040 00046 00403 00100 07f00 00200 03 04 00 01 00 7f 00 02 42 40 46 80 
   69 00000000033c 000000005b1b3c 00042 00040 00047 0040a 00300 07f01 00200 0a 04 00 03 01 7f 00 02 42 40 47 80 
   70 000000000348 000000005b1b48 00042 00040 00048 00403 00100 07f00 00200 03 04 00 01 00 7f 00 02 42 40 48 80 
   71 000000000354 000000005b1b54 00042 00040 00049 00407 00000 05900 002a7 07 04 00 00 00 59 a7 02 42 40 49 80 
   72 000000000360 000000005b1b60 00043 00040 00049 00403 00000 00000 00281 03 04 00 00 00 00 81 02 43 40 49 80 
   73 00000000036c 000000005b1b6c 00044 00040 00049 00406 00000 00000 00281 06 04 00 00 00 00 81 02 44 40 49 80 
   74 000000000378 000000005b1b78 00045 00040 00049 00403 00000 00000 00281 03 04 00 00 00 00 81 02 45 40 49 80 
   75 000000000384 000000005b1b84 00046 00040 00049 00407 00300 0a700 002a7 07 04 00 03 00 a7 a7 02 46 40 49 80 
   76 000000000390 000000005b1b90 00046 00040 00048 00404 00300 08100 00200 04 04 00 03 00 81 00 02 46 40 48 80 
   77 00000000039c 000000005b1b9c 00046 00040 00047 00403 00300 08100 00200 03 04 00 03 00 81 00 02 46 40 47 80 
   78 0000000003a8 000000005b1ba8 00046 00040 00046 00406 00300 08100 00200 06 04 00 03 00 81 00 02 46 40 46 80 
   79 0000000003b4 000000005b1bb4 00046 00040 00045 00407 00200 0a700 00259 07 04 00 02 00 a7 59 02 46 40 45 80 
   80 0000000003c0 000000005b1bc0 00045 00040 00045 00403 00200 00000 0027f 03 04 00 02 00 00 7f 02 45 40 45 80 
   81 0000000003cc 000000005b1bcc 00045 00040 00048 00400 00000 0d300 002d3 00 04 00 00 00 d3 d3 02 45 40 48 80 
   82 0000000003d8 000000005b1bd8 00045 00040 00047 00400 00000 0c000 00200 00 04 00 00 00 c0 00 02 45 40 47 80 
   83 0000000003e4 000000005b1be4 00045 00040 00046 00400 00000 0d300 0022d 00 04 00 00 00 d3 2d 02 45 40 46 80 
   84 0000000003f0 000000005b1bf0 00044 00040 00048 00401 00100 00000 002c0 01 04 00 01 00 00 c0 02 44 40 48 80 
   85 0000000003fc 000000005b1bfc 00044 00040 00047 00400 00000 00000 00200 00 04 00 00 00 00 00 02 44 40 47 80 
   86 000000000408 000000005b1c08 00044 00040 00046 00400 00000 00000 00240 00 04 00 00 00 00 40 02 44 40 46 80 
   87 000000000414 000000005b1c14 00043 00040 00048 00400 00000 02d00 002d3 00 04 00 00 00 2d d3 02 43 40 48 80 
   88 000000000420 000000005b1c20 00043 00040 00047 00401 00200 04000 00200 01 04 00 02 00 40 00 02 43 40 47 80 
   89 00000000042c 000000005b1c2c 00043 00040 00046 00400 00000 02d00 0022d 00 04 00 00 00 2d 2d 02 43 40 46 80 
   90 000000000438 000000005b1c38 00047 00040 0003d 0ff0b 00100 00000 00200 0b ff 00 01 00 00 00 02 47 40 3d 80 
   91 000000000444 000000005b1c44 0004b 00040 0003d 0060c 00200 08100 00300 0c 06 00 02 00 81 00 03 4b 40 3d 80 
   92 000000000450 000000005b1c50 0004b 00040 0003e 0060d 00000 00000 00340 0d 06 00 00 00 00 40 03 4b 40 3e 80 
   93 00000000045c 000000005b1c5c 0004b 00040 00045 0060b 00000 00000 003c0 0b 06 00 00 00 00 c0 03 4b 40 45 80 
   94 000000000468 000000005b1c68 0004b 00040 00046 00805 00000 00000 0037f 05 08 00 00 00 00 7f 03 4b 40 46 80 
   95 000000000474 000000005b1c74 0004a 00040 00046 00808 00100 05900 00359 08 08 00 01 00 59 59 03 4a 40 46 80 
   96 000000000480 000000005b1c80 0004a 00040 00047 00804 00100 07f00 00300 04 08 00 01 00 7f 00 03 4a 40 47 80 
   97 00000000048c 000000005b1c8c 0004a 00040 00048 00803 00100 07f00 00300 03 08 00 01 00 7f 00 03 4a 40 48 80 
   98 000000000498 000000005b1c98 0004a 00040 00049 00807 00000 05900 003a7 07 08 00 00 00 59 a7 03 4a 40 49 80 
   99 0000000004a4 000000005b1ca4 0004b 00040 00049 00806 00000 00000 00381 06 08 00 00 00 00 81 03 4b 40 49 80 
  100 0000000004b0 000000005b1cb0 0004c 00040 00049 00803 00000 00000 00381 03 08 00 00 00 00 81 03 4c 40 49 80 
  101 0000000004bc 000000005b1cbc 0004d 00040 00049 00808 00300 0a700 003a7 08 08 00 03 00 a7 a7 03 4d 40 49 80 
  102 0000000004c8 000000005b1cc8 0004d 00040 00048 00804 00300 08100 00300 04 08 00 03 00 81 00 03 4d 40 48 80 
  103 0000000004d4 000000005b1cd4 0004d 00040 00047 00803 00300 08100 00300 03 08 00 03 00 81 00 03 4d 40 47 80 
  104 0000000004e0 000000005b1ce0 0004d 00040 00046 00807 00200 0a700 00359 07 08 00 02 00 a7 59 03 4d 40 46 80 
  105 0000000004ec 000000005b1cec 0004c 00040 00046 00806 00200 00000 0037f 06 08 00 02 00 00 7f 03 4c 40 46 80 
  106 0000000004f8 000000005b1cf8 0004c 00040 00048 00801 00100 0d300 003d3 01 08 00 01 00 d3 d3 03 4c 40 48 80 
  107 000000000504 000000005b1d04 0004c 00040 00047 00800 00000 0d300 0032d 00 08 00 00 00 d3 2d 03 4c 40 47 80 
  108 000000000510 000000005b1d10 0004b 00040 00048 00800 00000 02d00 003d3 00 08 00 00 00 2d d3 03 4b 40 48 80 
  109 00000000051c 000000005b1d1c 0004b 00040 00047 00800 00000 02d00 0032d 00 08 00 00 00 2d 2d 03 4b 40 47 80 
  110 000000000528 000000005b1d28 0004b 00040 0003c 0060b 00000 00000 003c0 0b 06 00 00 00 00 c0 03 4b 40 3c 80 
  111 000000000534 000000005b1d34 0004b 00040 0003b 0060d 00200 00000 00300 0d 06 00 02 00 00 00 03 4b 40 3b 80 
  112 000000000540 000000005b1d40 0004b 00040 0003a 0060d 00000 00000 00300 0d 06 00 00 00 00 00 03 4b 40 3a 80 
  113 00000000054c 000000005b1d4c 0004b 00040 00039 0060b 00000 00000 00300 0b 06 00 00 00 00 00 03 4b 40 39 80 
  114 000000000558 000000005b1d58 0004b 00040 00038 0060d 00200 00000 00300 0d 06 00 02 00 00 00 03 4b 40 38 80 
  115 000000000564 000000005b1d64 0004b 00040 00037 0ff0e 00200 00000 00300 0e ff 00 02 00 00 00 03 4b 40 37 80 
  116 000000000570 000000005b1d70 0004a 00040 00037 0ff0b 00100 00000 00300 0b ff 00 01 00 00 00 03 4a 40 37 80 
  117 00000000057c 000000005b1d7c 00046 00040 00037 0ff0b 00100 00000 00300 0b ff 00 01 00 00 00 03 46 40 37 80 
  118 000000000588 000000005b1d88 00045 00040 00037 00705 00100 08100 00300 05 07 00 01 00 81 00 03 45 40 37 80 
  119 000000000594 000000005b1d94 00045 00040 00036 00706 00300 08100 00300 06 07 00 03 00 81 00 03 45 40 36 80 
  120 0000000005a0 000000005b1da0 00045 00040 00035 00708 00200 0a700 00359 08 07 00 02 00 a7 59 03 45 40 35 80 
  121 0000000005ac 000000005b1dac 00044 00040 00035 00703 00200 00000 0037f 03 07 00 02 00 00 7f 03 44 40 35 80 
  122 0000000005b8 000000005b1db8 00043 00040 00035 00706 00200 00000 0037f 06 07 00 02 00 00 7f 03 43 40 35 80 
  123 0000000005c4 000000005b1dc4 00042 00040 00035 00703 00200 00000 0037f 03 07 00 02 00 00 7f 03 42 40 35 80 
  124 0000000005d0 000000005b1dd0 00041 00040 00035 00703 00200 00000 0037f 03 07 00 02 00 00 7f 03 41 40 35 80 
  125 0000000005dc 000000005b1ddc 00040 00040 00035 00708 00100 05900 00359 08 07 00 01 00 59 59 03 40 40 35 80 
  126 0000000005e8 000000005b1de8 00040 00040 00036 00705 00300 07f00 00300 05 07 00 03 00 7f 00 03 40 40 36 80 
  127 0000000005f4 000000005b1df4 00040 00040 00037 00704 00100 07f00 00300 04 07 00 01 00 7f 00 03 40 40 37 80 
  128 000000000600 000000005b1e00 00040 00040 00038 00703 00100 07f00 00300 03 07 00 01 00 7f 00 03 40 40 38 80 
  129 00000000060c 000000005b1e0c 00040 00040 00039 00707 00000 05900 003a7 07 07 00 00 00 59 a7 03 40 40 39 80 
  130 000000000618 000000005b1e18 00041 00040 00039 00703 00000 00000 00381 03 07 00 00 00 00 81 03 41 40 39 80 
  131 000000000624 000000005b1e24 00042 00040 00039 00706 00000 00000 00381 06 07 00 00 00 00 81 03 42 40 39 80 
  132 000000000630 000000005b1e30 00043 00040 00039 00704 00000 00000 00381 04 07 00 00 00 00 81 03 43 40 39 80 
  133 00000000063c 000000005b1e3c 00044 00040 00039 00703 00000 00000 00381 03 07 00 00 00 00 81 03 44 40 39 80 
  134 000000000648 000000005b1e48 00045 00040 00039 00707 00300 0a700 003a7 07 07 00 03 00 a7 a7 03 45 40 39 80 
  135 000000000654 000000005b1e54 00045 00040 00038 00704 00300 08100 00300 04 07 00 03 00 81 00 03 45 40 38 80 
  136 000000000660 000000005b1e60 00044 00040 00038 00700 00000 0d300 003d3 00 07 00 00 00 d3 d3 03 44 40 38 80 
  137 00000000066c 000000005b1e6c 00044 00040 00037 00700 00000 0c000 00300 00 07 00 00 00 c0 00 03 44 40 37 80 
  138 000000000678 000000005b1e78 00044 00040 00036 00701 00200 0d300 0032d 01 07 00 02 00 d3 2d 03 44 40 36 80 
  139 000000000684 000000005b1e84 00043 00040 00038 00700 00000 00000 003c0 00 07 00 00 00 00 c0 03 43 40 38 80 
  140 000000000690 000000005b1e90 00043 00040 00037 00700 00000 00000 00300 00 07 00 00 00 00 00 03 43 40 37 80 
  141 00000000069c 000000005b1e9c 00043 00040 00036 00700 00000 00000 00340 00 07 00 00 00 00 40 03 43 40 36 80 
  142 0000000006a8 000000005b1ea8 00042 00040 00038 00701 00300 00000 003c0 01 07 00 03 00 00 c0 03 42 40 38 80 
  143 0000000006b4 000000005b1eb4 00042 00040 00037 00701 00000 00000 00300 01 07 00 00 00 00 00 03 42 40 37 80 
  144 0000000006c0 000000005b1ec0 00042 00040 00036 00700 00000 00000 00340 00 07 00 00 00 00 40 03 42 40 36 80 
  145 0000000006cc 000000005b1ecc 00041 00040 00038 00700 00000 02d00 003d3 00 07 00 00 00 2d d3 03 41 40 38 80 
  146 0000000006d8 000000005b1ed8 00041 00040 00037 00700 00000 04000 00300 00 07 00 00 00 40 00 03 41 40 37 80 
  147 0000000006e4 000000005b1ee4 00041 00040 00036 00700 00000 02d00 0032d 00 07 00 00 00 2d 2d 03 41 40 36 80 
  148 0000000006f0 000000005b1ef0 0003f 00040 00036 0ff0f 00100 00000 00300 0f ff 00 01 00 00 00 03 3f 40 36 80 
  149 0000000006fc 000000005b1efc 0003e 00040 00036 0ff0f 00100 00000 00300 0f ff 00 01 00 00 00 03 3e 40 36 78 
  150 000000000708 000000005b1f08 0003d 00040 00036 0ff0f 00100 00000 0ff00 0f ff 00 01 00 00 00 ff 3d 40 36 70 
  151 000000000714 000000005b1f14 0003c 0003f 00036 0ff0f 00100 00000 00000 0f ff 00 01 00 00 00 00 3c 3f 36 88 
  152 000000000720 000000005b1f20 0003b 0003f 00036 0ff0e 00100 00000 00000 0e ff 00 01 00 00 00 00 3b 3f 36 80 
  153 00000000072c 000000005b1f2c 0003b 0003f 00037 0ff0b 00000 00000 00000 0b ff 00 00 00 00 00 00 3b 3f 37 80 
  154 000000000738 000000005b1f38 00042 00040 0003b 0ff0b 00000 00000 00200 0b ff 00 00 00 00 00 02 42 40 3b 80 
  155 000000000744 000000005b1f44 00042 00040 0003a 0ff0e 00200 00000 00200 0e ff 00 02 00 00 00 02 42 40 3a 80 
  156 000000000750 000000005b1f50 00041 00040 0003a 0ff0d 00300 00000 00200 0d ff 00 03 00 00 00 02 41 40 3a 80 
  157 00000000075c 000000005b1f5c 00040 00040 0003a 0ff0f 00100 00000 0ff00 0f ff 00 01 00 00 00 ff 40 40 3a 80 
  158 000000000768 000000005b1f68 0003f 00040 0003a 0ff0f 00100 00000 00000 0f ff 00 01 00 00 00 00 3f 40 3a 78 
  159 000000000774 000000005b1f74 0003e 00040 0003a 0ff0f 00100 00000 00000 0f ff 00 01 00 00 00 00 3e 40 3a 70 
  160 000000000780 000000005b1f80 0003d 0003f 0003a 0ff0f 00100 00000 00000 0f ff 00 01 00 00 00 00 3d 3f 3a 88 
  161 00000000078c 000000005b1f8c 00040 00040 00044 0ff0b 00000 00000 00200 0b ff 00 00 00 00 00 02 40 40 44 80 
  162 000000000798 000000005b1f98 00040 00040 00045 0ff0e 00300 00000 00200 0e ff 00 03 00 00 00 02 40 40 45 80 
  163 0000000007a4 000000005b1fa4 0003f 00040 00045 0ff0b 00100 00000 00200 0b ff 00 01 00 00 00 02 3f 40 45 80 
  164 0000000007b0 000000005b1fb0 0003e 00040 00045 0ff10 00100 00001 0ff00 10 ff 00 01 01 00 00 ff 3e 40 45 80 
  165 0000000007bc 000000005b1fbc 0003e 00040 00046 0ff11 00300 00000 0ff00 11 ff 00 03 00 00 00 ff 3e 40 46 80 
  166 0000000007c8 000000005b1fc8 0003d 00040 00046 0ff10 00200 00001 0ff00 10 ff 00 02 01 00 00 ff 3d 40 46 80 
  167 0000000007d4 000000005b1fd4 0003c 00040 00046 0ff12 00000 00000 0ff00 12 ff 00 00 00 00 00 ff 3c 40 46 80 
  168 0000000007e0 000000005b1fe0 0003c 00040 00045 0ff13 00100 00001 0ff00 13 ff 00 01 01 00 00 ff 3c 40 45 80 
  169 0000000007ec 000000005b1fec 0003c 00040 00044 0ff14 00100 00000 0ff00 14 ff 00 01 00 00 00 ff 3c 40 44 80 
  170 0000000007f8 000000005b1ff8 0003e 00040 00044 0ff13 00300 00001 0ff00 13 ff 00 03 01 00 00 ff 3e 40 44 80 
  171 000000000804 000000005b2004 0003c 00040 00043 0ff15 00100 00000 0ff00 15 ff 00 01 00 00 00 ff 3c 40 43 80 
  172 000000000810 000000005b2010 0003e 00040 00043 0ff14 00300 00000 0ff00 14 ff 00 03 00 00 00 ff 3e 40 43 80 
  173 00000000081c 000000005b201c 0003c 00040 00042 0ff13 00100 00001 0ff00 13 ff 00 01 01 00 00 ff 3c 40 42 80 
  174 000000000828 000000005b2028 0003e 00040 00042 0ff13 00300 00001 0ff00 13 ff 00 03 01 00 00 ff 3e 40 42 80 
  175 000000000834 000000005b2034 0003c 00040 00041 0ff15 00100 00000 0ff00 15 ff 00 01 00 00 00 ff 3c 40 41 80 
  176 000000000840 000000005b2040 0003e 00040 00041 0ff13 00300 00001 0ff00 13 ff 00 03 01 00 00 ff 3e 40 41 80 
  177 00000000084c 000000005b204c 0003e 00040 00040 0ff12 00200 00000 0ff00 12 ff 00 02 00 00 00 ff 3e 40 40 80 
  178 000000000858 000000005b2058 0003c 00040 00040 0ff11 00100 00000 0ff00 11 ff 00 01 00 00 00 ff 3c 40 40 80 
  179 000000000864 000000005b2064 0003d 00040 00045 0ff16 00000 00000 0ff00 16 ff 00 00 00 00 00 ff 3d 40 45 80 
  180 000000000870 000000005b2070 0003d 00040 00044 0ff16 00000 00000 0ff00 16 ff 00 00 00 00 00 ff 3d 40 44 80 
  181 00000000087c 000000005b207c 0003d 00040 00043 0ff16 00000 00000 0ff00 16 ff 00 00 00 00 00 ff 3d 40 43 80 
  182 000000000888 000000005b2088 0003d 00040 00042 0ff16 00000 00000 0ff00 16 ff 00 00 00 00 00 ff 3d 40 42 80 
  183 000000000894 000000005b2094 0003d 00040 00041 0ff16 00000 00000 0ff00 16 ff 00 00 00 00 00 ff 3d 40 41 80 
  184 0000000008a0 000000005b20a0 0003d 00040 00040 0ff17 00000 00001 0ff00 17 ff 00 00 01 00 00 ff 3d 40 40 80 
  185 0000000008ac 000000005b20ac 0003e 0003f 00045 0ff18 00100 00000 0ff00 18 ff 00 01 00 00 00 ff 3e 3f 45 80 
  186 0000000008b8 000000005b20b8 0003c 0003f 00045 0ff18 00300 00000 0ff00 18 ff 00 03 00 00 00 ff 3c 3f 45 80 
  187 0000000008c4 000000005b20c4 0003e 0003f 00046 0ff19 00300 00000 0ff00 19 ff 00 03 00 00 00 ff 3e 3f 46 80 
  188 0000000008d0 000000005b20d0 0003c 0003f 00046 0ff19 00000 00000 0ff00 19 ff 00 00 00 00 00 ff 3c 3f 46 80 
  189 0000000008dc 000000005b20dc 0003d 0003f 00046 0ff18 00200 00000 0ff00 18 ff 00 02 00 00 00 ff 3d 3f 46 80 
  190 0000000008e8 000000005b20e8 0003e 0003f 00044 0ff18 00100 00000 0ff00 18 ff 00 01 00 00 00 ff 3e 3f 44 80 
  191 0000000008f4 000000005b20f4 0003c 0003f 00044 0ff1a 00300 00000 0ff00 1a ff 00 03 00 00 00 ff 3c 3f 44 80 
  192 000000000900 000000005b2100 0003e 0003f 00043 0ff18 00100 00000 0ff00 18 ff 00 01 00 00 00 ff 3e 3f 43 80 
  193 00000000090c 000000005b210c 0003c 0003f 00043 0ff18 00300 00000 0ff00 18 ff 00 03 00 00 00 ff 3c 3f 43 80 
  194 000000000918 000000005b2118 0003e 0003f 00042 0ff18 00100 00000 0ff00 18 ff 00 01 00 00 00 ff 3e 3f 42 80 
  195 000000000924 000000005b2124 0003c 0003f 00042 0ff18 00300 00000 0ff00 18 ff 00 03 00 00 00 ff 3c 3f 42 80 
  196 000000000930 000000005b2130 0003e 0003f 00041 0ff18 00100 00000 0ff00 18 ff 00 01 00 00 00 ff 3e 3f 41 80 
  197 00000000093c 000000005b213c 0003c 0003f 00041 0ff18 00300 00000 0ff00 18 ff 00 03 00 00 00 ff 3c 3f 41 80 
  198 000000000948 000000005b2148 0003e 0003f 00040 0ff19 00200 00000 0ff00 19 ff 00 02 00 00 00 ff 3e 3f 40 80 
  199 000000000954 000000005b2154 0003c 0003f 00040 0ff19 00100 00000 0ff00 19 ff 00 01 00 00 00 ff 3c 3f 40 80 
  200 000000000960 000000005b2160 0003d 0003f 00040 0ff18 00000 00000 0ff00 18 ff 00 00 00 00 00 ff 3d 3f 40 80 
  201 00000000096c 000000005b216c 0003e 0003e 00045 0ff1b 00100 00000 0ff00 1b ff 00 01 00 00 00 ff 3e 3e 45 80 
  202 000000000978 000000005b2178 0003c 0003e 00045 0ff1c 00300 00000 0ff00 1c ff 00 03 00 00 00 ff 3c 3e 45 80 
  203 000000000984 000000005b2184 0003e 0003e 00046 0ff1d 00300 00000 0ff00 1d ff 00 03 00 00 00 ff 3e 3e 46 80 
  204 000000000990 000000005b2190 0003c 0003e 00046 0ff1d 00000 00000 0ff00 1d ff 00 00 00 00 00 ff 3c 3e 46 80 
  205 00000000099c 000000005b219c 0003d 0003e 00046 0ff1e 00200 00000 0ff00 1e ff 00 02 00 00 00 ff 3d 3e 46 80 
  206 0000000009a8 000000005b21a8 0003e 0003e 00044 0ff1f 00100 00000 0ff00 1f ff 00 01 00 00 00 ff 3e 3e 44 80 
  207 0000000009b4 000000005b21b4 0003c 0003e 00044 0ff1b 00300 00000 0ff00 1b ff 00 03 00 00 00 ff 3c 3e 44 80 
  208 0000000009c0 000000005b21c0 0003e 0003e 00043 0ff1b 00100 00000 0ff00 1b ff 00 01 00 00 00 ff 3e 3e 43 80 
  209 0000000009cc 000000005b21cc 0003c 0003e 00043 0ff20 00300 00000 0ff00 20 ff 00 03 00 00 00 ff 3c 3e 43 80 
  210 0000000009d8 000000005b21d8 0003e 0003e 00042 0ff20 00100 00000 0ff00 20 ff 00 01 00 00 00 ff 3e 3e 42 80 
  211 0000000009e4 000000005b21e4 0003c 0003e 00042 0ff1e 00300 00000 0ff00 1e ff 00 03 00 00 00 ff 3c 3e 42 80 
  212 0000000009f0 000000005b21f0 0003e 0003e 00041 0ff20 00100 00000 0ff00 20 ff 00 01 00 00 00 ff 3e 3e 41 80 
  213 0000000009fc 000000005b21fc 0003c 0003e 00041 0ff20 00300 00000 0ff00 20 ff 00 03 00 00 00 ff 3c 3e 41 80 
  214 000000000a08 000000005b2208 0003e 0003e 00040 0ff1d 00200 00000 0ff00 1d ff 00 02 00 00 00 ff 3e 3e 40 80 
  215 000000000a14 000000005b2214 0003c 0003e 00040 0ff1d 00100 00000 0ff00 1d ff 00 01 00 00 00 ff 3c 3e 40 80 
  216 000000000a20 000000005b2220 0003d 0003e 00040 0ff20 00000 00000 0ff00 20 ff 00 00 00 00 00 ff 3d 3e 40 80 
  217 000000000a2c 000000005b222c 0003e 0003d 00045 0ff21 00100 00000 0ff00 21 ff 00 01 00 00 00 ff 3e 3d 45 80 
  218 000000000a38 000000005b2238 0003c 0003d 00045 0ff21 00300 00000 0ff00 21 ff 00 03 00 00 00 ff 3c 3d 45 80 
  219 000000000a44 000000005b2244 0003e 0003d 00046 0ff1d 00300 00000 0ff00 1d ff 00 03 00 00 00 ff 3e 3d 46 80 
  220 000000000a50 000000005b2250 0003c 0003d 00046 0ff1d 00000 00000 0ff00 1d ff 00 00 00 00 00 ff 3c 3d 46 80 
  221 000000000a5c 000000005b225c 0003d 0003d 00046 0ff21 00200 00000 0ff00 21 ff 00 02 00 00 00 ff 3d 3d 46 80 
  222 000000000a68 000000005b2268 0003e 0003d 00044 0ff21 00100 00000 0ff00 21 ff 00 01 00 00 00 ff 3e 3d 44 80 
  223 000000000a74 000000005b2274 0003c 0003d 00044 0ff21 00300 00000 0ff00 21 ff 00 03 00 00 00 ff 3c 3d 44 80 
  224 000000000a80 000000005b2280 0003e 0003d 00043 0ff21 00100 00000 0ff00 21 ff 00 01 00 00 00 ff 3e 3d 43 80 
  225 000000000a8c 000000005b228c 0003c 0003d 00043 0ff21 00300 00000 0ff00 21 ff 00 03 00 00 00 ff 3c 3d 43 80 
  226 000000000a98 000000005b2298 0003e 0003d 00042 0ff21 00100 00000 0ff00 21 ff 00 01 00 00 00 ff 3e 3d 42 80 
  227 000000000aa4 000000005b22a4 0003c 0003d 00042 0ff21 00300 00000 0ff00 21 ff 00 03 00 00 00 ff 3c 3d 42 80 
  228 000000000ab0 000000005b22b0 0003e 0003d 00041 0ff21 00100 00000 0ff00 21 ff 00 01 00 00 00 ff 3e 3d 41 80 
  229 000000000abc 000000005b22bc 0003c 0003d 00041 0ff21 00300 00000 0ff00 21 ff 00 03 00 00 00 ff 3c 3d 41 80 
  230 000000000ac8 000000005b22c8 0003e 0003d 00040 0ff1d 00200 00000 0ff00 1d ff 00 02 00 00 00 ff 3e 3d 40 80 
  231 000000000ad4 000000005b22d4 0003c 0003d 00040 0ff1d 00100 00000 0ff00 1d ff 00 01 00 00 00 ff 3c 3d 40 80 
  232 000000000ae0 000000005b22e0 0003d 0003d 00040 0ff21 00000 00000 0ff00 21 ff 00 00 00 00 00 ff 3d 3d 40 80 
  233 000000000aec 000000005b22ec 0003e 0003c 00045 0ff21 00100 00000 0ff00 21 ff 00 01 00 00 00 ff 3e 3c 45 80 
  234 000000000af8 000000005b22f8 0003c 0003c 00045 0ff21 00300 00000 0ff00 21 ff 00 03 00 00 00 ff 3c 3c 45 80 
  235 000000000b04 000000005b2304 0003e 0003c 00046 0ff1d 00300 00000 0ff00 1d ff 00 03 00 00 00 ff 3e 3c 46 80 
  236 000000000b10 000000005b2310 0003c 0003c 00046 0ff1d 00000 00000 0ff00 1d ff 00 00 00 00 00 ff 3c 3c 46 80 
  237 000000000b1c 000000005b231c 0003d 0003c 00046 0ff21 00200 00000 0ff00 21 ff 00 02 00 00 00 ff 3d 3c 46 80 
  238 000000000b28 000000005b2328 0003e 0003c 00044 0ff21 00100 00000 0ff00 21 ff 00 01 00 00 00 ff 3e 3c 44 80 
  239 000000000b34 000000005b2334 0003c 0003c 00044 0ff21 00300 00000 0ff00 21 ff 00 03 00 00 00 ff 3c 3c 44 80 
  240 000000000b40 000000005b2340 0003e 0003c 00043 0ff21 00100 00000 0ff00 21 ff 00 01 00 00 00 ff 3e 3c 43 80 
  241 000000000b4c 000000005b234c 0003c 0003c 00043 0ff21 00300 00000 0ff00 21 ff 00 03 00 00 00 ff 3c 3c 43 80 
  242 000000000b58 000000005b2358 0003e 0003c 00042 0ff21 00100 00000 0ff00 21 ff 00 01 00 00 00 ff 3e 3c 42 80 
  243 000000000b64 000000005b2364 0003c 0003c 00042 0ff21 00300 00000 0ff00 21 ff 00 03 00 00 00 ff 3c 3c 42 80 
  244 000000000b70 000000005b2370 0003e 0003c 00041 0ff21 00100 00000 0ff00 21 ff 00 01 00 00 00 ff 3e 3c 41 80 
  245 000000000b7c 000000005b237c 0003c 0003c 00041 0ff21 00300 00000 0ff00 21 ff 00 03 00 00 00 ff 3c 3c 41 80 
  246 000000000b88 000000005b2388 0003e 0003c 00040 0ff1d 00200 00000 0ff00 1d ff 00 02 00 00 00 ff 3e 3c 40 80 
  247 000000000b94 000000005b2394 0003c 0003c 00040 0ff1d 00100 00000 0ff00 1d ff 00 01 00 00 00 ff 3c 3c 40 80 
  248 000000000ba0 000000005b23a0 0003d 0003c 00040 0ff21 00000 00000 0ff00 21 ff 00 00 00 00 00 ff 3d 3c 40 80 
  249 000000000bac 000000005b23ac 0003d 00040 00047 0ff0e 00300 00000 0ff00 0e ff 00 03 00 00 00 ff 3d 40 47 80 
  250 000000000bb8 000000005b23b8 0003c 00040 00047 0ff0b 00100 00000 0ff00 0b ff 00 01 00 00 00 ff 3c 40 47 80 
  251 000000000bc4 000000005b23c4 0003b 00040 00047 0ff0d 00300 00000 00100 0d ff 00 03 00 00 00 01 3b 40 47 80 
  252 000000000bd0 000000005b23d0 0003a 00040 00047 0ff0e 00100 00000 00100 0e ff 00 01 00 00 00 01 3a 40 47 80 
  253 000000000bdc 000000005b23dc 0003a 00040 00048 0ff0b 00000 00000 00100 0b ff 00 00 00 00 00 01 3a 40 48 80 
  254 000000000be8 000000005b23e8 0003a 00040 00049 00105 00000 00000 0017f 05 01 00 00 00 00 7f 01 3a 40 49 80 
  255 000000000bf4 000000005b23f4 00039 00040 00049 0010a 00000 00001 0017f 0a 01 00 00 01 00 7f 01 39 40 49 80 
  256 000000000c00 000000005b2400 00038 00040 00049 00107 00100 05900 00159 07 01 00 01 00 59 59 01 38 40 49 80 
  257 000000000c0c 000000005b240c 00038 00040 0004a 00106 00100 07f00 00100 06 01 00 01 00 7f 00 01 38 40 4a 80 
  258 000000000c18 000000005b2418 00038 00040 0004b 00105 00300 07f00 00100 05 01 00 03 00 7f 00 01 38 40 4b 80 
  259 000000000c24 000000005b2424 00038 00040 0004c 00106 00100 07f00 00100 06 01 00 01 00 7f 00 01 38 40 4c 80 
  260 000000000c30 000000005b2430 00038 00040 0004d 00108 00000 05900 001a7 08 01 00 00 00 59 a7 01 38 40 4d 80 
  261 000000000c3c 000000005b243c 00039 00040 0004d 00103 00000 00000 00181 03 01 00 00 00 00 81 01 39 40 4d 80 
  262 000000000c48 000000005b2448 0003a 00040 0004d 00104 00000 00000 00181 04 01 00 00 00 00 81 01 3a 40 4d 80 
  263 000000000c54 000000005b2454 0003b 00040 0004d 00103 00000 00000 00181 03 01 00 00 00 00 81 01 3b 40 4d 80 
  264 000000000c60 000000005b2460 0003c 00040 0004d 00108 00300 0a700 001a7 08 01 00 03 00 a7 a7 01 3c 40 4d 80 
  265 000000000c6c 000000005b246c 0003c 00040 0004c 00103 00300 08100 00100 03 01 00 03 00 81 00 01 3c 40 4c 80 
  266 000000000c78 000000005b2478 0003c 00040 0004b 00105 00100 08100 00100 05 01 00 01 00 81 00 01 3c 40 4b 80 
  267 000000000c84 000000005b2484 0003c 00040 0004a 00103 00300 08100 00100 03 01 00 03 00 81 00 01 3c 40 4a 80 
  268 000000000c90 000000005b2490 0003c 00040 00049 00108 00200 0a700 00159 08 01 00 02 00 a7 59 01 3c 40 49 80 
  269 000000000c9c 000000005b249c 0003b 00040 00049 00103 00200 00000 0017f 03 01 00 02 00 00 7f 01 3b 40 49 80 
  270 000000000ca8 000000005b24a8 0003b 00040 0004c 00100 00000 0d300 001d3 00 01 00 00 00 d3 d3 01 3b 40 4c 80 
  271 000000000cb4 000000005b24b4 0003b 00040 0004b 00100 00000 0c000 00100 00 01 00 00 00 c0 00 01 3b 40 4b 80 
  272 000000000cc0 000000005b24c0 0003b 00040 0004a 00100 00000 0d300 0012d 00 01 00 00 00 d3 2d 01 3b 40 4a 80 
  273 000000000ccc 000000005b24cc 0003a 00040 0004c 00101 00000 00000 001c0 01 01 00 00 00 00 c0 01 3a 40 4c 80 
  274 000000000cd8 000000005b24d8 0003a 00040 0004b 00100 00000 00000 00100 00 01 00 00 00 00 00 01 3a 40 4b 80 
  275 000000000ce4 000000005b24e4 0003a 00040 0004a 00100 00000 00000 00140 00 01 00 00 00 00 40 01 3a 40 4a 80 
  276 000000000cf0 000000005b24f0 00039 00040 0004c 00100 00000 02d00 001d3 00 01 00 00 00 2d d3 01 39 40 4c 80 
  277 000000000cfc 000000005b24fc 00039 00040 0004b 00100 00000 04000 00100 00 01 00 00 00 40 00 01 39 40 4b 80 
  278 000000000d08 000000005b2508 00039 00040 0004a 00101 00300 02d00 0012d 01 01 00 03 00 2d 2d 01 39 40 4a 80 
  279 000000000d14 000000005b2514 0003d 00040 0003f 0ff0d 00000 00000 00000 0d ff 00 00 00 00 00 00 3d 40 3f 80 
  280 000000000d20 000000005b2520 0003d 00040 0003e 0ff0b 00000 00000 00000 0b ff 00 00 00 00 00 00 3d 40 3e 80 
  281 000000000d2c 000000005b252c 0003d 00040 0003d 0ff0e 00200 00000 00000 0e ff 00 02 00 00 00 00 3d 40 3d 80 
  282 000000000d38 000000005b2538 0003c 00040 0003d 0ff0d 00300 00000 00000 0d ff 00 03 00 00 00 00 3c 40 3d 80 
  283 000000000d44 000000005b2544 0003b 00040 0003d 0ff0b 00100 00000 00000 0b ff 00 01 00 00 00 00 3b 40 3d 80 
  284 000000000d50 000000005b2550 0003a 00040 0003d 0ff0e 00000 00000 00000 0e ff 00 00 00 00 00 00 3a 40 3d 80 
  285 000000000d5c 000000005b255c 0003a 00040 0003c 00005 00200 00000 00081 05 00 00 02 00 00 81 00 3a 40 3c 80 
  286 000000000d68 000000005b2568 0003b 00040 0003c 00006 00000 00000 00081 06 00 00 00 00 00 81 00 3b 40 3c 80 
  287 000000000d74 000000005b2574 0003c 00040 0003c 00008 00300 0a700 000a7 08 00 00 03 00 a7 a7 00 3c 40 3c 80 
  288 000000000d80 000000005b2580 0003c 00040 0003b 00003 00300 08100 00000 03 00 00 03 00 81 00 00 3c 40 3b 80 
  289 000000000d8c 000000005b258c 0003c 00040 0003a 00022 00000 08101 00000 22 00 00 00 01 81 00 00 3c 40 3a 80 
  290 000000000d98 000000005b2598 0003c 00040 00039 00006 00300 08100 00000 06 00 00 03 00 81 00 00 3c 40 39 80 
  291 000000000da4 000000005b25a4 0003c 00040 00038 00008 00200 0a700 00059 08 00 00 02 00 a7 59 00 3c 40 38 80 
  292 000000000db0 000000005b25b0 0003b 00040 00038 00022 00300 00001 0007f 22 00 00 03 01 00 7f 00 3b 40 38 80 
  293 000000000dbc 000000005b25bc 0003a 00040 00038 00005 00000 00000 0007f 05 00 00 00 00 00 7f 00 3a 40 38 80 
  294 000000000dc8 000000005b25c8 00039 00040 00038 00004 00200 00000 0007f 04 00 00 02 00 00 7f 00 39 40 38 80 
  295 000000000dd4 000000005b25d4 00038 00040 00038 00008 00100 05900 00059 08 00 00 01 00 59 59 00 38 40 38 80 
  296 000000000de0 000000005b25e0 00039 00040 0003c 0000a 00200 00001 00081 0a 00 00 02 01 00 81 00 39 40 3c 80 
  297 000000000dec 000000005b25ec 00038 00040 0003c 00007 00000 05900 000a7 07 00 00 00 00 59 a7 00 38 40 3c 80 
  298 000000000df8 000000005b25f8 00038 00040 0003b 00006 00100 07f00 00000 06 00 00 01 00 7f 00 00 38 40 3b 80 
  299 000000000e04 000000005b2604 00038 00040 0003a 00005 00300 07f00 00000 05 00 00 03 00 7f 00 00 38 40 3a 80 
  300 000000000e10 000000005b2610 00038 00040 00039 00003 00100 07f00 00000 03 00 00 01 00 7f 00 00 38 40 39 80 
  301 000000000e1c 000000005b261c 0003b 00040 0003b 00000 00000 0d300 000d3 00 00 00 00 00 d3 d3 00 3b 40 3b 80 
  302 000000000e28 000000005b2628 0003b 00040 0003a 00000 00000 0c000 00000 00 00 00 00 00 c0 00 00 3b 40 3a 80 
  303 000000000e34 000000005b2634 0003b 00040 00039 00001 00100 0d300 0002d 01 00 00 01 00 d3 2d 00 3b 40 39 80 
  304 000000000e40 000000005b2640 0003a 00040 0003b 00000 00000 00000 000c0 00 00 00 00 00 00 c0 00 3a 40 3b 80 
  305 000000000e4c 000000005b264c 0003a 00040 0003a 00001 00000 00000 00000 01 00 00 00 00 00 00 00 3a 40 3a 80 
  306 000000000e58 000000005b2658 0003a 00040 00039 00000 00000 00000 00040 00 00 00 00 00 00 40 00 3a 40 39 80 
  307 000000000e64 000000005b2664 00039 00040 0003b 00000 00000 02d00 000d3 00 00 00 00 00 2d d3 00 39 40 3b 80 
  308 000000000e70 000000005b2670 00039 00040 0003a 00000 00000 04000 00000 00 00 00 00 00 40 00 00 39 40 3a 80 
  309 000000000e7c 000000005b267c 00039 00040 00039 00000 00000 02d00 0002d 00 00 00 00 00 2d 2d 00 39 40 39 80 
  310 000000000e88 000000005b2688 0003a 00040 00037 0ff0d 00000 00000 00000 0d ff 00 00 00 00 00 00 3a 40 37 80 
  311 000000000e94 000000005b2694 0003a 00040 00036 0ff0b 00000 00000 00000 0b ff 00 00 00 00 00 00 3a 40 36 80 
  312 000000000ea0 000000005b26a0 00037 00040 0004b 00105 00100 08100 00100 05 01 00 01 00 81 00 01 37 40 4b 80 
  313 000000000eac 000000005b26ac 00037 00040 0004c 00108 00300 0a700 001a7 08 01 00 03 00 a7 a7 01 37 40 4c 80 
  314 000000000eb8 000000005b26b8 00036 00040 0004c 00104 00000 00000 00181 04 01 00 00 00 00 81 01 36 40 4c 80 
  315 000000000ec4 000000005b26c4 00035 00040 0004c 00107 00000 05900 001a7 07 01 00 00 00 59 a7 01 35 40 4c 80 
  316 000000000ed0 000000005b26d0 00035 00040 0004b 00106 00100 07f00 00100 06 01 00 01 00 7f 00 01 35 40 4b 80 
  317 000000000edc 000000005b26dc 00035 00040 0004a 00108 00100 05900 00159 08 01 00 01 00 59 59 01 35 40 4a 80 
  318 000000000ee8 000000005b26e8 00036 00040 0004a 00103 00200 00000 0017f 03 01 00 02 00 00 7f 01 36 40 4a 80 
  319 000000000ef4 000000005b26f4 00037 00040 0004a 00108 00200 0a700 00159 08 01 00 02 00 a7 59 01 37 40 4a 80 
  320 000000000f00 000000005b2700 00036 00040 0004b 00100 00200 00000 00100 00 01 00 02 00 00 00 01 36 40 4b 80 
  321 000000000f0c 000000005b270c 0003d 00040 0004b 0010d 00100 00000 00100 0d 01 00 01 00 00 00 01 3d 40 4b 80 
  322 000000000f18 000000005b2718 0003e 00040 0004b 0010e 00200 0a700 00159 0e 01 00 02 00 a7 59 01 3e 40 4b 80 
  323 000000000f24 000000005b2724 0003e 00040 0004c 0010b 00000 00000 00140 0b 01 00 00 00 00 40 01 3e 40 4c 80 
  324 000000000f30 000000005b2730 0003e 00040 0004d 0010d 00200 00000 001c0 0d 01 00 02 00 00 c0 01 3e 40 4d 80 
  325 000000000f3c 000000005b273c 00041 00040 00047 00505 00100 08100 00200 05 05 00 01 00 81 00 02 41 40 47 80 
  326 000000000f48 000000005b2748 00041 00040 00046 00508 00200 0a700 00259 08 05 00 02 00 a7 59 02 41 40 46 80 
  327 000000000f54 000000005b2754 00040 00040 00046 00506 00200 00000 0027f 06 05 00 02 00 00 7f 02 40 40 46 80 
  328 000000000f60 000000005b2760 0003f 00040 00046 00507 00100 05900 00259 07 05 00 01 00 59 59 02 3f 40 46 80 
  329 000000000f6c 000000005b276c 0003f 00040 00047 00504 00100 07f00 00200 04 05 00 01 00 7f 00 02 3f 40 47 80 
  330 000000000f78 000000005b2778 0003f 00040 00048 00503 00100 07f00 00200 03 05 00 01 00 7f 00 02 3f 40 48 80 
  331 000000000f84 000000005b2784 0003f 00040 00049 00504 00100 07f00 00200 04 05 00 01 00 7f 00 02 3f 40 49 80 
  332 000000000f90 000000005b2790 0003f 00040 0004a 00508 00000 05900 002a7 08 05 00 00 00 59 a7 02 3f 40 4a 80 
  333 000000000f9c 000000005b279c 00040 00040 0004a 00503 00000 00000 00281 03 05 00 00 00 00 81 02 40 40 4a 80 
  334 000000000fa8 000000005b27a8 00041 00040 0004a 00508 00300 0a700 002a7 08 05 00 03 00 a7 a7 02 41 40 4a 80 
  335 000000000fb4 000000005b27b4 00041 00040 00049 00506 00300 08100 00200 06 05 00 03 00 81 00 02 41 40 49 80 
  336 000000000fc0 000000005b27c0 00041 00040 00048 00504 00300 08100 00200 04 05 00 03 00 81 00 02 41 40 48 80 
  337 000000000fcc 000000005b27cc 00040 00040 00049 00500 00100 00000 002c0 00 05 00 01 00 00 c0 02 40 40 49 80 
  338 000000000fd8 000000005b27d8 00040 00040 00048 00501 00100 00000 00200 01 05 00 01 00 00 00 02 40 40 48 80 
  339 000000000fe4 000000005b27e4 00040 00040 00047 00500 00200 00000 00240 00 05 00 02 00 00 40 02 40 40 47 80 
  340 000000000ff0 000000005b27f0 00039 00040 0003d 0ff0b 00000 00000 00000 0b ff 00 00 00 00 00 00 39 40 3d 80 
  341 000000000ffc 000000005b27fc 00039 00040 0003e 0ff0d 00000 00000 00000 0d ff 00 00 00 00 00 00 39 40 3e 80 
  342 000000001008 000000005b2808 00039 00040 0003f 00205 00000 00000 0007f 05 02 00 00 00 00 7f 00 39 40 3f 80 
  343 000000001014 000000005b2814 0003a 00040 0003f 00203 00200 00000 0007f 03 02 00 02 00 00 7f 00 3a 40 3f 80 
  344 000000001020 000000005b2820 0003b 00040 0003f 00208 00200 0a700 00059 08 02 00 02 00 a7 59 00 3b 40 3f 80 
  345 00000000102c 000000005b282c 0003b 00040 00040 00204 00300 08100 00000 04 02 00 03 00 81 00 00 3b 40 40 80 
  346 000000001038 000000005b2838 0003b 00040 00041 00203 00300 08100 00000 03 02 00 03 00 81 00 00 3b 40 41 80 
  347 000000001044 000000005b2844 0003b 00040 00042 00206 00300 08100 00000 06 02 00 03 00 81 00 00 3b 40 42 80 
  348 000000001050 000000005b2850 0003b 00040 00043 00208 00300 0a700 000a7 08 02 00 03 00 a7 a7 00 3b 40 43 80 
  349 00000000105c 000000005b285c 0003a 00040 00043 00203 00000 00000 00081 03 02 00 00 00 00 81 00 3a 40 43 80 
  350 000000001068 000000005b2868 00039 00040 00043 00205 00200 00000 00081 05 02 00 02 00 00 81 00 39 40 43 80 
  351 000000001074 000000005b2874 00038 00040 00043 00204 00000 00000 00081 04 02 00 00 00 00 81 00 38 40 43 80 
  352 000000001080 000000005b2880 00037 00040 00043 00207 00000 05900 000a7 07 02 00 00 00 59 a7 00 37 40 43 80 
  353 00000000108c 000000005b288c 00037 00040 00042 00203 00100 07f00 00000 03 02 00 01 00 7f 00 00 37 40 42 80 
  354 000000001098 000000005b2898 00037 00040 00041 00206 00100 07f00 00000 06 02 00 01 00 7f 00 00 37 40 41 80 
  355 0000000010a4 000000005b28a4 00037 00040 00040 00206 00100 07f00 00000 06 02 00 01 00 7f 00 00 37 40 40 80 
  356 0000000010b0 000000005b28b0 00037 00040 0003f 00208 00100 05900 00059 08 02 00 01 00 59 59 00 37 40 3f 80 
  357 0000000010bc 000000005b28bc 00038 00040 0003f 00204 00200 00000 0007f 04 02 00 02 00 00 7f 00 38 40 3f 80 
  358 0000000010c8 000000005b28c8 00038 00040 00042 00200 00000 02d00 000d3 00 02 00 00 00 2d d3 00 38 40 42 80 
  359 0000000010d4 000000005b28d4 00039 00040 00042 00201 00100 00000 000c0 01 02 00 01 00 00 c0 00 39 40 42 80 
  360 0000000010e0 000000005b28e0 00038 00040 00040 00201 00100 02d00 0002d 01 02 00 01 00 2d 2d 00 38 40 40 80 
  361 0000000010ec 000000005b28ec 00038 00040 00041 00200 00000 04000 00000 00 02 00 00 00 40 00 00 38 40 41 80 
  362 0000000010f8 000000005b28f8 0003a 00040 00042 00200 00000 0d300 000d3 00 02 00 00 00 d3 d3 00 3a 40 42 80 
  363 000000001104 000000005b2904 0003a 00040 00041 00200 00000 0c000 00000 00 02 00 00 00 c0 00 00 3a 40 41 80 
  364 000000001110 000000005b2910 00039 00040 00041 00200 00000 00000 00000 00 02 00 00 00 00 00 00 39 40 41 80 
  365 00000000111c 000000005b291c 00039 00040 00040 00200 00000 00000 00040 00 02 00 00 00 00 40 00 39 40 40 80 
  366 000000001128 000000005b2928 0003a 00040 00040 00200 00000 0d300 0002d 00 02 00 00 00 d3 2d 00 3a 40 40 80 
  367 000000001134 000000005b2934 00039 00040 00044 0ff0b 00000 00000 00000 0b ff 00 00 00 00 00 00 39 40 44 80 
  368 000000001140 000000005b2940 00039 00040 00045 0ff0d 00200 00000 00000 0d ff 00 02 00 00 00 00 39 40 45 80 
  369 00000000114c 000000005b294c 00039 00040 00046 0ff0b 00200 00000 00000 0b ff 00 02 00 00 00 00 39 40 46 80 
  370 000000001158 000000005b2958 00039 00040 00047 0ff0d 00000 00000 00000 0d ff 00 00 00 00 00 00 39 40 47 80 
  371 000000001164 000000005b2964 00039 00040 00048 0ff0d 00200 00000 00100 0d ff 00 02 00 00 00 01 39 40 48 80 
  372 000000001170 000000005b2970 0003e 00040 0004e 00123 00000 00000 00181 23 01 00 00 00 00 81 01 3e 40 4e 80 
  373 00000000117c 000000005b297c 0003e 0003b 00045 0ff21 00100 00000 0ff00 21 ff 00 01 00 00 00 ff 3e 3b 45 80 
  374 000000001188 000000005b2988 0003c 0003b 00045 0ff21 00300 00000 0ff00 21 ff 00 03 00 00 00 ff 3c 3b 45 80 
  375 000000001194 000000005b2994 0003e 0003b 00046 0ff1d 00300 00000 0ff00 1d ff 00 03 00 00 00 ff 3e 3b 46 80 
  376 0000000011a0 000000005b29a0 0003c 0003b 00046 0ff1d 00000 00000 0ff00 1d ff 00 00 00 00 00 ff 3c 3b 46 80 
  377 0000000011ac 000000005b29ac 0003d 0003b 00046 0ff21 00200 00000 0ff00 21 ff 00 02 00 00 00 ff 3d 3b 46 80 
  378 0000000011b8 000000005b29b8 0003e 0003b 00044 0ff21 00100 00000 0ff00 21 ff 00 01 00 00 00 ff 3e 3b 44 80 
  379 0000000011c4 000000005b29c4 0003c 0003b 00044 0ff21 00300 00000 0ff00 21 ff 00 03 00 00 00 ff 3c 3b 44 80 
  380 0000000011d0 000000005b29d0 0003e 0003b 00043 0ff21 00100 00000 0ff00 21 ff 00 01 00 00 00 ff 3e 3b 43 80 
  381 0000000011dc 000000005b29dc 0003c 0003b 00043 0ff21 00300 00000 0ff00 21 ff 00 03 00 00 00 ff 3c 3b 43 80 
  382 0000000011e8 000000005b29e8 0003e 0003b 00042 0ff21 00100 00000 0ff00 21 ff 00 01 00 00 00 ff 3e 3b 42 80 
  383 0000000011f4 000000005b29f4 0003c 0003b 00042 0ff21 00300 00000 0ff00 21 ff 00 03 00 00 00 ff 3c 3b 42 80 
  384 000000001200 000000005b2a00 0003e 0003b 00041 0ff21 00100 00000 0ff00 21 ff 00 01 00 00 00 ff 3e 3b 41 80 
  385 00000000120c 000000005b2a0c 0003c 0003b 00041 0ff21 00300 00000 0ff00 21 ff 00 03 00 00 00 ff 3c 3b 41 80 
  386 000000001218 000000005b2a18 0003e 0003b 00040 0ff1d 00200 00000 0ff00 1d ff 00 02 00 00 00 ff 3e 3b 40 80 
  387 000000001224 000000005b2a24 0003c 0003b 00040 0ff1d 00100 00000 0ff00 1d ff 00 01 00 00 00 ff 3c 3b 40 80 
  388 000000001230 000000005b2a30 0003d 0003b 00040 0ff21 00000 00000 0ff00 21 ff 00 00 00 00 00 ff 3d 3b 40 80 
  389 00000000123c 000000005b2a3c 0003e 0003a 00045 0ff21 00100 00000 0ff00 21 ff 00 01 00 00 00 ff 3e 3a 45 80 
  390 000000001248 000000005b2a48 0003c 0003a 00045 0ff21 00300 00000 0ff00 21 ff 00 03 00 00 00 ff 3c 3a 45 80 
  391 000000001254 000000005b2a54 0003e 0003a 00046 0ff1d 00300 00000 0ff00 1d ff 00 03 00 00 00 ff 3e 3a 46 80 
  392 000000001260 000000005b2a60 0003c 0003a 00046 0ff1d 00000 00000 0ff00 1d ff 00 00 00 00 00 ff 3c 3a 46 80 
  393 00000000126c 000000005b2a6c 0003d 0003a 00046 0ff21 00200 00000 0ff00 21 ff 00 02 00 00 00 ff 3d 3a 46 80 
  394 000000001278 000000005b2a78 0003e 0003a 00044 0ff21 00100 00000 0ff00 21 ff 00 01 00 00 00 ff 3e 3a 44 80 
  395 000000001284 000000005b2a84 0003c 0003a 00044 0ff21 00300 00000 0ff00 21 ff 00 03 00 00 00 ff 3c 3a 44 80 
  396 000000001290 000000005b2a90 0003e 0003a 00043 0ff21 00100 00000 0ff00 21 ff 00 01 00 00 00 ff 3e 3a 43 80 
  397 00000000129c 000000005b2a9c 0003c 0003a 00043 0ff21 00300 00000 0ff00 21 ff 00 03 00 00 00 ff 3c 3a 43 80 
  398 0000000012a8 000000005b2aa8 0003e 0003a 00042 0ff21 00100 00000 0ff00 21 ff 00 01 00 00 00 ff 3e 3a 42 80 
  399 0000000012b4 000000005b2ab4 0003c 0003a 00042 0ff21 00300 00000 0ff00 21 ff 00 03 00 00 00 ff 3c 3a 42 80 
  400 0000000012c0 000000005b2ac0 0003e 0003a 00041 0ff21 00100 00000 0ff00 21 ff 00 01 00 00 00 ff 3e 3a 41 80 
  401 0000000012cc 000000005b2acc 0003c 0003a 00041 0ff21 00300 00000 0ff00 21 ff 00 03 00 00 00 ff 3c 3a 41 80 
  402 0000000012d8 000000005b2ad8 0003e 0003a 00040 0ff1d 00200 00000 0ff00 1d ff 00 02 00 00 00 ff 3e 3a 40 80 
  403 0000000012e4 000000005b2ae4 0003c 0003a 00040 0ff1d 00100 00000 0ff00 1d ff 00 01 00 00 00 ff 3c 3a 40 80 
  404 0000000012f0 000000005b2af0 0003d 0003a 00040 0ff21 00000 00000 0ff00 21 ff 00 00 00 00 00 ff 3d 3a 40 80 
  405 0000000012fc 000000005b2afc 00048 00040 0003d 0ff0d 00300 00000 00200 0d ff 00 03 00 00 00 02 48 40 3d 80 
  406 000000001308 000000005b2b08 00049 00040 0003d 0ff0d 00100 00000 00300 0d ff 00 01 00 00 00 03 49 40 3d 80 
  407 000000001314 000000005b2b14 0004a 00040 0003d 0ff0b 00100 00000 00300 0b ff 00 01 00 00 00 03 4a 40 3d 80 
  408 000000001320 000000005b2b20 00049 00040 00037 0ff0d 00100 00000 00300 0d ff 00 01 00 00 00 03 49 40 37 80 
  409 00000000132c 000000005b2b2c 00048 00040 00037 0ff0b 00300 00000 00300 0b ff 00 03 00 00 00 03 48 40 37 80 
  410 000000001338 000000005b2b38 00047 00040 00037 0ff0d 00300 00000 00300 0d ff 00 03 00 00 00 03 47 40 37 80 
  411 000000001344 000000005b2b44 0004b 00040 0003f 0060b 00000 00000 00300 0b 06 00 00 00 00 00 03 4b 40 3f 80 
  412 000000001350 000000005b2b50 0004b 00040 00040 0060b 00200 00000 00300 0b 06 00 02 00 00 00 03 4b 40 40 80 
  413 00000000135c 000000005b2b5c 0004b 00040 00041 0060d 00200 00000 00300 0d 06 00 02 00 00 00 03 4b 40 41 80 
  414 000000001368 000000005b2b68 0004b 00040 00042 0060b 00000 00000 00300 0b 06 00 00 00 00 00 03 4b 40 42 80 
  415 000000001374 000000005b2b74 0004b 00040 00043 0060d 00000 00000 00300 0d 06 00 00 00 00 00 03 4b 40 43 80 
  416 000000001380 000000005b2b80 0004b 00040 00044 0060b 00200 00000 00300 0b 06 00 02 00 00 00 03 4b 40 44 80 
  417 00000000138c 000000005b2b8c 0003a 00040 00035 0ff0e 00200 00000 00000 0e ff 00 02 00 00 00 00 3a 40 35 80 
  418 000000001398 000000005b2b98 00037 00040 0003a 0ff0b 00100 00000 00000 0b ff 00 01 00 00 00 00 37 40 3a 80 
  419 0000000013a4 000000005b2ba4 00036 00040 0003a 0ff0e 00100 00000 00000 0e ff 00 01 00 00 00 00 36 40 3a 80 
  420 0000000013b0 000000005b2bb0 00036 00040 0003b 0ff0d 00000 00000 00000 0d ff 00 00 00 00 00 00 36 40 3b 80 
  421 0000000013bc 000000005b2bbc 00036 00040 0003c 0ff23 00000 00000 0ff00 23 ff 00 00 00 00 00 ff 36 40 3c 80 
  422 0000000013c8 000000005b2bc8 00039 00040 00035 0ff0b 00100 00000 0ff00 0b ff 00 01 00 00 00 ff 39 40 35 80 
  423 0000000013d4 000000005b2bd4 00038 00040 00035 0ff24 00300 00000 0ff00 24 ff 00 03 00 00 00 ff 38 40 35 80 
  424 0000000013e0 000000005b2be0 00037 00040 00047 0ff25 00000 00001 0ff00 25 ff 00 00 01 00 00 ff 37 40 47 80 
  425 0000000013ec 000000005b2bec 00037 00040 0003d 0ff25 00200 00001 0ff00 25 ff 00 02 01 00 00 ff 37 40 3d 80 
  426 0000000013f8 000000005b2bf8 00042 00040 0004a 0ff25 00300 00001 0ff00 25 ff 00 03 01 00 00 ff 42 40 4a 80 
  427 000000001404 000000005b2c04 00046 00040 00044 0ff26 00000 00000 0ff00 26 ff 00 00 00 00 00 ff 46 40 44 80 
  428 000000001410 000000005b2c10 00046 00040 0003b 0ff27 00100 00000 0ff00 27 ff 00 01 00 00 00 ff 46 40 3b 80 
  429 00000000141c 000000005b2c1c 00041 00040 00044 0ff27 00200 00000 0ff00 27 ff 00 02 00 00 00 ff 41 40 44 80 
  430 000000001428 000000005b2c28 0003e 00040 0004a 0ff28 00100 00001 0ff00 28 ff 00 01 01 00 00 ff 3e 40 4a 80 
  431 000000001434 000000005b2c34 0003d 00040 00048 0ff28 00200 00001 0ff00 28 ff 00 02 01 00 00 ff 3d 40 48 80 
  432 000000001440 000000005b2c40  BLANK  BLANK  BLANK 0ff00 00000 00000 0ff00 00 ff 00 00 00 00 00 ff ff 00 00 00 
  433 00000000144c 000000005b2c4c  BLANK  BLANK  BLANK 0ff00 00000 00001 0ff00 00 ff 00 00 01 00 00 ff ff 00 00 00 
  434 000000001458 000000005b2c58  BLANK  BLANK  BLANK 0ff00 00000 00000 0ff00 00 ff 00 00 00 00 00 ff ff 00 00 00 
  435 000000001464 000000005b2c64  BLANK  BLANK  BLANK 0ff00 00000 00000 0ff00 00 ff 00 00 00 00 00 ff ff 00 00 00 
  436 000000001470 000000005b2c70  BLANK  BLANK  BLANK 0ff00 00000 00001 0ff00 00 ff 00 00 01 00 00 ff ff 00 00 00 
  437 00000000147c 000000005b2c7c  BLANK  BLANK  BLANK 0ff00 00000 00000 0ff00 00 ff 00 00 00 00 00 ff ff 00 00 00 
  438 000000001488 000000005b2c88  BLANK  BLANK  BLANK 0ff00 00000 00000 0ff00 00 ff 00 00 00 00 00 ff ff 00 00 00 
  439 000000001494 000000005b2c94  BLANK  BLANK  BLANK 0ff00 00000 00000 0ff00 00 ff 00 00 00 00 00 ff ff 00 00 00 
  440 0000000014a0 000000005b2ca0  BLANK  BLANK  BLANK 0ff00 00000 00001 0ff00 00 ff 00 00 01 00 00 ff ff 00 00 00 
  441 0000000014ac 000000005b2cac  BLANK  BLANK  BLANK 0ff00 00000 00000 0ff00 00 ff 00 00 00 00 00 ff ff 00 00 00 
  442 0000000014b8 000000005b2cb8  BLANK  BLANK  BLANK 0ff00 00000 00000 0ff00 00 ff 00 00 00 00 00 ff ff 00 00 00 
  443 0000000014c4 000000005b2cc4  BLANK  BLANK  BLANK 0ff00 00000 00000 0ff00 00 ff 00 00 00 00 00 ff ff 00 00 00 
  444 0000000014d0 000000005b2cd0  BLANK  BLANK  BLANK 0ff00 00000 00000 0ff00 00 ff 00 00 00 00 00 ff ff 00 00 00 
  445 0000000014dc 000000005b2cdc  BLANK  BLANK  BLANK 0ff00 00000 00000 0ff00 00 ff 00 00 00 00 00 ff ff 00 00 00 
  446 0000000014e8 000000005b2ce8  BLANK  BLANK  BLANK 0ff00 00000 00000 0ff00 00 ff 00 00 00 00 00 ff ff 00 00 00 
  447 0000000014f4 000000005b2cf4  BLANK  BLANK  BLANK 0ff00 00000 00000 0ff00 00 ff 00 00 00 00 00 ff ff 00 00 00 
  448 000000001500 000000005b2d00  BLANK  BLANK  BLANK 0ff00 00000 00000 0ff00 00 ff 00 00 00 00 00 ff ff 00 00 00 
  449 00000000150c 000000005b2d0c  BLANK  BLANK  BLANK 0ff00 00000 00000 0ff00 00 ff 00 00 00 00 00 ff ff 00 00 00 
  450 000000001518 000000005b2d18  BLANK  BLANK  BLANK 0ff00 00000 00000 0ff00 00 ff 00 00 00 00 00 ff ff 00 00 00 
  451 000000001524 000000005b2d24  BLANK  BLANK  BLANK 0ff00 00000 00000 0ff00 00 ff 00 00 00 00 00 ff ff 00 00 00 
  452 000000001530 000000005b2d30  BLANK  BLANK  BLANK 0ff00 00000 00000 0ff00 00 ff 00 00 00 00 00 ff ff 00 00 00 
  453 00000000153c 000000005b2d3c  BLANK  BLANK  BLANK 0ff00 00000 00000 0ff00 00 ff 00 00 00 00 00 ff ff 00 00 00 
  454 000000001548 000000005b2d48  BLANK  BLANK  BLANK 0ff00 00000 00000 0ff00 00 ff 00 00 00 00 00 ff ff 00 00 00 
  455 000000001554 000000005b2d54  BLANK  BLANK  BLANK 0ff00 00000 00000 0ff00 00 ff 00 00 00 00 00 ff ff 00 00 00 
  456 000000001560 000000005b2d60  BLANK  BLANK  BLANK 0ff00 00000 00000 0ff00 00 ff 00 00 00 00 00 ff ff 00 00 00 
  457 00000000156c 000000005b2d6c  BLANK  BLANK  BLANK 0ff00 00000 00000 0ff00 00 ff 00 00 00 00 00 ff ff 00 00 00 
  458 000000001578 000000005b2d78  BLANK  BLANK  BLANK 0ff00 00000 00000 0ff00 00 ff 00 00 00 00 00 ff ff 00 00 00 
  459 000000001584 000000005b2d84  BLANK  BLANK  BLANK 0ff00 00000 00000 0ff00 00 ff 00 00 00 00 00 ff ff 00 00 00 
  460 000000001590 000000005b2d90  BLANK  BLANK  BLANK 0ff00 00000 00000 0ff00 00 ff 00 00 00 00 00 ff ff 00 00 00 
  461 00000000159c 000000005b2d9c  BLANK  BLANK  BLANK 0ff00 00000 00000 0ff00 00 ff 00 00 00 00 00 ff ff 00 00 00 
  462 0000000015a8 000000005b2da8  BLANK  BLANK  BLANK 0ff00 00000 00000 0ff00 00 ff 00 00 00 00 00 ff ff 00 00 00 
  463 0000000015b4 000000005b2db4  BLANK  BLANK  BLANK 0ff00 00000 00000 0ff00 00 ff 00 00 00 00 00 ff ff 00 00 00 
  464 0000000015c0 000000005b2dc0  BLANK  BLANK  BLANK 0ff00 00000 00000 0ff00 00 ff 00 00 00 00 00 ff ff 00 00 00 
  465 0000000015cc 000000005b2dcc  BLANK  BLANK  BLANK 0ff00 00000 00000 0ff00 00 ff 00 00 00 00 00 ff ff 00 00 00 
  466 0000000015d8 000000005b2dd8  BLANK  BLANK  BLANK 0ff00 00000 00000 0ff00 00 ff 00 00 00 00 00 ff ff 00 00 00 
  467 0000000015e4 000000005b2de4  BLANK  BLANK  BLANK 0ff00 00000 00000 0ff00 00 ff 00 00 00 00 00 ff ff 00 00 00 
  468 0000000015f0 000000005b2df0  BLANK  BLANK  BLANK 0ff00 00000 00000 0ff00 00 ff 00 00 00 00 00 ff ff 00 00 00 
  469 0000000015fc 000000005b2dfc  BLANK  BLANK  BLANK 0ff00 00000 00000 0ff00 00 ff 00 00 00 00 00 ff ff 00 00 00 
  470 000000001608 000000005b2e08  BLANK  BLANK  BLANK 0ff00 00000 00000 0ff00 00 ff 00 00 00 00 00 ff ff 00 00 00 
  471 000000001614 000000005b2e14  BLANK  BLANK  BLANK 0ff00 00000 00000 0ff00 00 ff 00 00 00 00 00 ff ff 00 00 00 
  472 000000001620 000000005b2e20  BLANK  BLANK  BLANK 0ff00 00000 00000 0ff00 00 ff 00 00 00 00 00 ff ff 00 00 00 
  473 00000000162c 000000005b2e2c  BLANK  BLANK  BLANK 0ff00 00000 00000 0ff00 00 ff 00 00 00 00 00 ff ff 00 00 00 
  474 000000001638 000000005b2e38  BLANK  BLANK  BLANK 0ff00 00000 00000 0ff00 00 ff 00 00 00 00 00 ff ff 00 00 00 
  475 000000001644 000000005b2e44  BLANK  BLANK  BLANK 0ff00 00000 00000 0ff00 00 ff 00 00 00 00 00 ff ff 00 00 00 
  476 000000001650 000000005b2e50  BLANK  BLANK  BLANK 0ff00 00000 00000 0ff00 00 ff 00 00 00 00 00 ff ff 00 00 00 
  477 00000000165c 000000005b2e5c  BLANK  BLANK  BLANK 0ff00 00000 00000 0ff00 00 ff 00 00 00 00 00 ff ff 00 00 00 
  478 000000001668 000000005b2e68  BLANK  BLANK  BLANK 0ff00 00000 00000 0ff00 00 ff 00 00 00 00 00 ff ff 00 00 00 
  479 000000001674 000000005b2e74  BLANK  BLANK  BLANK 0ff00 00000 00000 0ff00 00 ff 00 00 00 00 00 ff ff 00 00 00 
  480 000000001680 000000005b2e80  BLANK  BLANK  BLANK 0ff00 00000 00000 0ff00 00 ff 00 00 00 00 00 ff ff 00 00 00 
  481 00000000168c 000000005b2e8c  BLANK  BLANK  BLANK 0ff00 00000 00000 0ff00 00 ff 00 00 00 00 00 ff ff 00 00 00 
  482 000000001698 000000005b2e98  BLANK  BLANK  BLANK 0ff00 00000 00000 0ff00 00 ff 00 00 00 00 00 ff ff 00 00 00 
  483 0000000016a4 000000005b2ea4  BLANK  BLANK  BLANK 0ff00 00000 00000 0ff00 00 ff 00 00 00 00 00 ff ff 00 00 00 
  484 0000000016b0 000000005b2eb0  BLANK  BLANK  BLANK 0ff00 00000 00000 0ff00 00 ff 00 00 00 00 00 ff ff 00 00 00 
  485 0000000016bc 000000005b2ebc  BLANK  BLANK  BLANK 0ff00 00000 00000 0ff00 00 ff 00 00 00 00 00 ff ff 00 00 00 
  486 0000000016c8 000000005b2ec8  BLANK  BLANK  BLANK 0ff00 00000 00000 0ff00 00 ff 00 00 00 00 00 ff ff 00 00 00 
  487 0000000016d4 000000005b2ed4  BLANK  BLANK  BLANK 0ff00 00000 00000 0ff00 00 ff 00 00 00 00 00 ff ff 00 00 00 
  488 0000000016e0 000000005b2ee0  BLANK  BLANK  BLANK 0ff00 00000 00000 0ff00 00 ff 00 00 00 00 00 ff ff 00 00 00 
  489 0000000016ec 000000005b2eec  BLANK  BLANK  BLANK 0ff00 00000 00000 0ff00 00 ff 00 00 00 00 00 ff ff 00 00 00 
  490 0000000016f8 000000005b2ef8  BLANK  BLANK  BLANK 0ff00 00000 00000 0ff00 00 ff 00 00 00 00 00 ff ff 00 00 00 
  491 000000001704 000000005b2f04  BLANK  BLANK  BLANK 0ff00 00000 00000 0ff00 00 ff 00 00 00 00 00 ff ff 00 00 00 
  492 000000001710 000000005b2f10  BLANK  BLANK  BLANK 0ff00 00000 00000 0ff00 00 ff 00 00 00 00 00 ff ff 00 00 00 
  493 00000000171c 000000005b2f1c  BLANK  BLANK  BLANK 0ff00 00000 00000 0ff00 00 ff 00 00 00 00 00 ff ff 00 00 00 
  494 000000001728 000000005b2f28  BLANK  BLANK  BLANK 0ff00 00000 00000 0ff00 00 ff 00 00 00 00 00 ff ff 00 00 00 
  495 000000001734 000000005b2f34  BLANK  BLANK  BLANK 0ff00 00000 00000 0ff00 00 ff 00 00 00 00 00 ff ff 00 00 00 
  496 000000001740 000000005b2f40  BLANK  BLANK  BLANK 0ff00 00000 00000 0ff00 00 ff 00 00 00 00 00 ff ff 00 00 00 
  497 00000000174c 000000005b2f4c  BLANK  BLANK  BLANK 0ff00 00000 00000 0ff00 00 ff 00 00 00 00 00 ff ff 00 00 00 
  498 000000001758 000000005b2f58  BLANK  BLANK  BLANK 0ff00 00000 00000 0ff00 00 ff 00 00 00 00 00 ff ff 00 00 00 
  499 000000001764 000000005b2f64  BLANK  BLANK  BLANK 0ff00 00000 00000 0ff00 00 ff 00 00 00 00 00 ff ff 00 00 00 
  500 000000001770 000000005b2f70  BLANK  BLANK  BLANK 0ff00 00000 00000 0ff00 00 ff 00 00 00 00 00 ff ff 00 00 00 
  501 00000000177c 000000005b2f7c  BLANK  BLANK  BLANK 0ff00 00000 00000 0ff00 00 ff 00 00 00 00 00 ff ff 00 00 00 
  502 000000001788 000000005b2f88  BLANK  BLANK  BLANK 0ff00 00000 00000 0ff00 00 ff 00 00 00 00 00 ff ff 00 00 00 
  503 000000001794 000000005b2f94  BLANK  BLANK  BLANK 0ff00 00000 00000 0ff00 00 ff 00 00 00 00 00 ff ff 00 00 00 
  504 0000000017a0 000000005b2fa0  BLANK  BLANK  BLANK 0ff00 00000 00000 0ff00 00 ff 00 00 00 00 00 ff ff 00 00 00 
  505 0000000017ac 000000005b2fac  BLANK  BLANK  BLANK 0ff00 00000 00000 0ff00 00 ff 00 00 00 00 00 ff ff 00 00 00 
  506 0000000017b8 000000005b2fb8  BLANK  BLANK  BLANK 0ff00 00000 00000 0ff00 00 ff 00 00 00 00 00 ff ff 00 00 00 
  507 0000000017c4 000000005b2fc4  BLANK  BLANK  BLANK 0ff00 00000 00000 0ff00 00 ff 00 00 00 00 00 ff ff 00 00 00 
  508 0000000017d0 000000005b2fd0  BLANK  BLANK  BLANK 0ff00 00000 00000 0ff00 00 ff 00 00 00 00 00 ff ff 00 00 00 
  509 0000000017dc 000000005b2fdc  BLANK  BLANK  BLANK 0ff00 00000 00000 0ff00 00 ff 00 00 00 00 00 ff ff 00 00 00 
  510 0000000017e8 000000005b2fe8  BLANK  BLANK  BLANK 0ff00 00000 00000 0ff00 00 ff 00 00 00 00 00 ff ff 00 00 00 
  511 0000000017f4 000000005b2ff4  BLANK  BLANK  BLANK 0ff00 00000 00000 0ff00 00 ff 00 00 00 00 00 ff ff 00 00 00 

========================================================================================================================
Summary for earth_world_rotting_cavern:
  Total tiles: 512
  Non-blank tiles: 432
  Blank tiles: 80
