Area: earth_world_poisonous_cavern
Index: 6
========================================================================================================================

Tile Format (12 bytes = 0x0C):
  Offset 0x00-0x01: x position (UInt16)
  Offset 0x02-0x03: y position (UInt16)
  Offset 0x04-0x05: z position (UInt16)
  Offset 0x06-0x07: rotation_z (UInt16)
  Offset 0x08: tileX (UInt8) - blank if 0xFF
  Offset 0x09: tileY (UInt8)
  Offset 0x0A: tileZ (UInt8)
  Offset 0x0B: unknown (UInt8)
========================================================================================================================

Index OffsetInFile AbsoluteOffset TileX TileY TileZ PosX  PosY  PosZ  RotZ  RawBytes (hex)
------------------------------------------------------------------------------------------------------------------------
    0 000000000000 00000000cfe800 00040 00040 00040 00300 00100 07f00 00200 00 03 00 01 00 7f 00 02 40 40 40 80 
    1 00000000000c 00000000cfe80c 00040 00040 0003f 00301 00100 07f00 00200 01 03 00 01 00 7f 00 02 40 40 3f 80 
    2 000000000018 00000000cfe818 00040 00040 0003e 00302 00100 05900 00259 02 03 00 01 00 59 59 02 40 40 3e 80 
    3 000000000024 00000000cfe824 00041 00040 0003e 00303 00200 00000 0027f 03 03 00 02 00 00 7f 02 41 40 3e 80 
    4 000000000030 00000000cfe830 00042 00040 0003e 00304 00200 00000 0027f 04 03 00 02 00 00 7f 02 42 40 3e 80 
    5 00000000003c 00000000cfe83c 00043 00040 0003e 00305 00200 00000 0027f 05 03 00 02 00 00 7f 02 43 40 3e 80 
    6 000000000048 00000000cfe848 00044 00040 0003e 00302 00200 0a700 00259 02 03 00 02 00 a7 59 02 44 40 3e 80 
    7 000000000054 00000000cfe854 00044 00040 0003f 00301 00300 08100 00200 01 03 00 03 00 81 00 02 44 40 3f 80 
    8 000000000060 00000000cfe860 00044 00040 00040 00301 00300 08100 00200 01 03 00 03 00 81 00 02 44 40 40 80 
    9 00000000006c 00000000cfe86c 00044 00040 00041 00301 00300 08100 00200 01 03 00 03 00 81 00 02 44 40 41 80 
   10 000000000078 00000000cfe878 00044 00040 00042 00302 00300 0a700 002a7 02 03 00 03 00 a7 a7 02 44 40 42 80 
   11 000000000084 00000000cfe884 00043 00040 00042 00303 00000 00000 00281 03 03 00 00 00 00 81 02 43 40 42 80 
   12 000000000090 00000000cfe890 00042 00040 00042 00304 00000 00000 00281 04 03 00 00 00 00 81 02 42 40 42 80 
   13 00000000009c 00000000cfe89c 00041 00040 00042 00306 00000 00000 00281 06 03 00 00 00 00 81 02 41 40 42 80 
   14 0000000000a8 00000000cfe8a8 00040 00040 00042 00302 00000 05900 002a7 02 03 00 00 00 59 a7 02 40 40 42 80 
   15 0000000000b4 00000000cfe8b4 00040 00040 00041 00301 00100 07f00 00200 01 03 00 01 00 7f 00 02 40 40 41 80 
   16 0000000000c0 00000000cfe8c0 00042 00041 00042 00307 00000 00001 00281 07 03 00 00 01 00 81 02 42 41 42 80 
   17 0000000000cc 00000000cfe8cc 00042 00041 00041 00308 00000 00000 002c0 08 03 00 00 00 00 c0 02 42 41 41 80 
   18 0000000000d8 00000000cfe8d8 00042 00041 00040 00309 00000 00001 00200 09 03 00 00 01 00 00 02 42 41 40 80 
   19 0000000000e4 00000000cfe8e4 00042 00041 0003f 0030a 00000 00001 00240 0a 03 00 00 01 00 40 02 42 41 3f 80 
   20 0000000000f0 00000000cfe8f0 00042 00041 0003e 0030b 00000 00000 0027f 0b 03 00 00 00 00 7f 02 42 41 3e 80 
   21 0000000000fc 00000000cfe8fc 00042 00041 0003a 0ff0c 00000 00000 00000 0c ff 00 00 00 00 00 00 42 41 3a 80 
   22 000000000108 00000000cfe908 00042 00041 00039 0010d 00000 00000 00081 0d 01 00 00 00 00 81 00 42 41 39 80 
   23 000000000114 00000000cfe914 00041 00040 00041 0030e 00200 01400 002c4 0e 03 00 02 00 14 c4 02 41 40 41 80 
   24 000000000120 00000000cfe920 00041 00040 00040 0030f 00200 04000 00200 0f 03 00 02 00 40 00 02 41 40 40 80 
   25 00000000012c 00000000cfe92c 00041 00040 0003f 00310 00200 01400 0023c 10 03 00 02 00 14 3c 02 41 40 3f 80 
   26 000000000138 00000000cfe938 00043 00040 00041 00310 00000 0ec00 002c4 10 03 00 00 00 ec c4 02 43 40 41 80 
   27 000000000144 00000000cfe944 00043 00040 00040 0030f 00000 0c000 00200 0f 03 00 00 00 c0 00 02 43 40 40 80 
   28 000000000150 00000000cfe950 00043 00040 0003f 0030e 00000 0ec00 0023c 0e 03 00 00 00 ec 3c 02 43 40 3f 80 
   29 00000000015c 00000000cfe95c 00042 00040 00041 00311 00000 00001 002c0 11 03 00 00 01 00 c0 02 42 40 41 80 
   30 000000000168 00000000cfe968 00042 00040 00040 00311 00000 00001 00200 11 03 00 00 01 00 00 02 42 40 40 80 
   31 000000000174 00000000cfe974 00042 00040 0003f 00311 00000 00001 00240 11 03 00 00 01 00 40 02 42 40 3f 80 
   32 000000000180 00000000cfe980 00043 00041 00039 00112 00000 00000 00081 12 01 00 00 00 00 81 00 43 41 39 80 
   33 00000000018c 00000000cfe98c 00044 00041 00039 00113 00300 0a700 000a7 13 01 00 03 00 a7 a7 00 44 41 39 80 
   34 000000000198 00000000cfe998 00044 00041 00038 00114 00300 08100 00000 14 01 00 03 00 81 00 00 44 41 38 80 
   35 0000000001a4 00000000cfe9a4 00044 00041 00037 00115 00100 08100 00000 15 01 00 01 00 81 00 00 44 41 37 80 
   36 0000000001b0 00000000cfe9b0 00044 00041 00036 00114 00300 08100 00000 14 01 00 03 00 81 00 00 44 41 36 80 
   37 0000000001bc 00000000cfe9bc 00044 00041 00035 00114 00300 08100 00000 14 01 00 03 00 81 00 00 44 41 35 80 
   38 0000000001c8 00000000cfe9c8 00044 00041 00034 00116 00100 08100 00000 16 01 00 01 00 81 00 00 44 41 34 80 
   39 0000000001d4 00000000cfe9d4 00044 00041 00033 00113 00200 0a700 00059 13 01 00 02 00 a7 59 00 44 41 33 80 
   40 0000000001e0 00000000cfe9e0 00043 00041 00033 00114 00200 00000 0007f 14 01 00 02 00 00 7f 00 43 41 33 80 
   41 0000000001ec 00000000cfe9ec 00042 00041 00033 00114 00200 00000 0007f 14 01 00 02 00 00 7f 00 42 41 33 80 
   42 0000000001f8 00000000cfe9f8 00041 00041 00033 00116 00000 00000 0007f 16 01 00 00 00 00 7f 00 41 41 33 80 
   43 000000000204 00000000cfea04 00040 00041 00033 00113 00100 05900 00059 13 01 00 01 00 59 59 00 40 41 33 80 
   44 000000000210 00000000cfea10 00040 00041 00034 00114 00100 07f00 00000 14 01 00 01 00 7f 00 00 40 41 34 80 
   45 00000000021c 00000000cfea1c 00040 00041 00035 00114 00100 07f00 00000 14 01 00 01 00 7f 00 00 40 41 35 80 
   46 000000000228 00000000cfea28 00040 00041 00036 00114 00100 07f00 00000 14 01 00 01 00 7f 00 00 40 41 36 80 
   47 000000000234 00000000cfea34 00040 00041 00038 00117 00300 07f00 00000 17 01 00 03 00 7f 00 00 40 41 38 80 
   48 000000000240 00000000cfea40 00040 00041 00037 00114 00100 07f00 00000 14 01 00 01 00 7f 00 00 40 41 37 80 
   49 00000000024c 00000000cfea4c 00040 00041 00039 00113 00000 05900 000a7 13 01 00 00 00 59 a7 00 40 41 39 80 
   50 000000000258 00000000cfea58 00041 00041 00039 00118 00000 00000 00081 18 01 00 00 00 00 81 00 41 41 39 80 
   51 000000000264 00000000cfea64 00043 00041 00038 00119 00000 0d300 000d3 19 01 00 00 00 d3 d3 00 43 41 38 80 
   52 000000000270 00000000cfea70 00042 00041 00038 00119 00000 00000 000c0 19 01 00 00 00 00 c0 00 42 41 38 80 
   53 00000000027c 00000000cfea7c 00041 00041 00038 00119 00000 02d00 000d3 19 01 00 00 00 2d d3 00 41 41 38 80 
   54 000000000288 00000000cfea88 00043 00041 00037 00119 00000 0c000 00000 19 01 00 00 00 c0 00 00 43 41 37 80 
   55 000000000294 00000000cfea94 00042 00041 00037 00119 00000 00000 00000 19 01 00 00 00 00 00 00 42 41 37 80 
   56 0000000002a0 00000000cfeaa0 00041 00041 00037 00119 00000 04000 00000 19 01 00 00 00 40 00 00 41 41 37 80 
   57 0000000002ac 00000000cfeaac 00043 00041 00036 00119 00000 0c000 00000 19 01 00 00 00 c0 00 00 43 41 36 80 
   58 0000000002b8 00000000cfeab8 00042 00041 00036 00119 00000 00000 00000 19 01 00 00 00 00 00 00 42 41 36 80 
   59 0000000002c4 00000000cfeac4 00041 00041 00036 00119 00000 04000 00000 19 01 00 00 00 40 00 00 41 41 36 80 
   60 0000000002d0 00000000cfead0 00043 00041 00035 00119 00000 0c000 00000 19 01 00 00 00 c0 00 00 43 41 35 80 
   61 0000000002dc 00000000cfeadc 00042 00041 00035 00119 00000 00000 00000 19 01 00 00 00 00 00 00 42 41 35 80 
   62 0000000002e8 00000000cfeae8 00041 00041 00035 00119 00000 04000 00000 19 01 00 00 00 40 00 00 41 41 35 80 
   63 0000000002f4 00000000cfeaf4 00043 00041 00034 00119 00000 0d300 0002d 19 01 00 00 00 d3 2d 00 43 41 34 80 
   64 000000000300 00000000cfeb00 00042 00041 00034 00119 00000 00000 00040 19 01 00 00 00 00 40 00 42 41 34 80 
   65 00000000030c 00000000cfeb0c 00041 00041 00034 00119 00000 02d00 0002d 19 01 00 00 00 2d 2d 00 41 41 34 80 
   66 000000000318 00000000cfeb18 00041 00041 00031 0ff1a 00100 00000 0ff00 1a ff 00 01 00 00 00 ff 41 41 31 80 
   67 000000000324 00000000cfeb24 00040 00041 00031 0ff1b 00100 00000 0ff00 1b ff 00 01 00 00 00 ff 40 41 31 80 
   68 000000000330 00000000cfeb30 0003f 00041 00031 0ff16 00100 00000 0ff00 16 ff 00 01 00 00 00 ff 3f 41 31 80 
   69 00000000033c 00000000cfeb3c 0003e 00041 00031 0ff14 00100 00000 0ff00 14 ff 00 01 00 00 00 ff 3e 41 31 80 
   70 000000000348 00000000cfeb48 0003f 00041 00038 0ff1c 00300 00000 00000 1c ff 00 03 00 00 00 00 3f 41 38 80 
   71 000000000354 00000000cfeb54 0003e 00041 0003a 0001d 00300 0a700 000a7 1d 00 00 03 00 a7 a7 00 3e 41 3a 80 
   72 000000000360 00000000cfeb60 0003e 00041 00039 0001e 00300 08100 00000 1e 00 00 03 00 81 00 00 3e 41 39 80 
   73 00000000036c 00000000cfeb6c 0003e 00041 00037 0001e 00300 08100 00000 1e 00 00 03 00 81 00 00 3e 41 37 80 
   74 000000000378 00000000cfeb78 0003e 00041 00038 0001f 00300 08100 00000 1f 00 00 03 00 81 00 00 3e 41 38 80 
   75 000000000384 00000000cfeb84 0003e 00041 00036 00020 00300 08100 00000 20 00 00 03 00 81 00 00 3e 41 36 80 
   76 000000000390 00000000cfeb90 0003e 00041 00035 0001e 00300 08100 00000 1e 00 00 03 00 81 00 00 3e 41 35 80 
   77 00000000039c 00000000cfeb9c 0003e 00041 00034 0001d 00200 0a700 00059 1d 00 00 02 00 a7 59 00 3e 41 34 80 
   78 0000000003a8 00000000cfeba8 0003d 00041 00034 0001e 00200 00000 0007f 1e 00 00 02 00 00 7f 00 3d 41 34 80 
   79 0000000003b4 00000000cfebb4 0003c 00041 00034 00020 00200 00000 0007f 20 00 00 02 00 00 7f 00 3c 41 34 80 
   80 0000000003c0 00000000cfebc0 0003b 00041 00034 00021 00200 00000 0007f 21 00 00 02 00 00 7f 00 3b 41 34 80 
   81 0000000003cc 00000000cfebcc 0003a 00041 00034 00020 00200 00000 0007f 20 00 00 02 00 00 7f 00 3a 41 34 80 
   82 0000000003d8 00000000cfebd8 00039 00041 00034 0001e 00200 00000 0007f 1e 00 00 02 00 00 7f 00 39 41 34 80 
   83 0000000003e4 00000000cfebe4 00038 00041 00034 0001d 00100 05900 00059 1d 00 00 01 00 59 59 00 38 41 34 80 
   84 0000000003f0 00000000cfebf0 00038 00041 00039 0001e 00100 07f00 00000 1e 00 00 01 00 7f 00 00 38 41 39 80 
   85 0000000003fc 00000000cfebfc 00038 00041 00038 00020 00100 07f00 00000 20 00 00 01 00 7f 00 00 38 41 38 80 
   86 000000000408 00000000cfec08 00038 00041 00037 0001e 00100 07f00 00000 1e 00 00 01 00 7f 00 00 38 41 37 80 
   87 000000000414 00000000cfec14 00038 00041 00036 00020 00100 07f00 00000 20 00 00 01 00 7f 00 00 38 41 36 80 
   88 000000000420 00000000cfec20 00038 00041 00035 0001e 00100 07f00 00000 1e 00 00 01 00 7f 00 00 38 41 35 80 
   89 00000000042c 00000000cfec2c 0003d 00041 00039 00022 00000 0d300 000d3 22 00 00 00 00 d3 d3 00 3d 41 39 80 
   90 000000000438 00000000cfec38 00038 00041 0003a 0001d 00000 05900 000a7 1d 00 00 00 00 59 a7 00 38 41 3a 80 
   91 000000000444 00000000cfec44 00039 00041 0003a 0001e 00000 00000 00081 1e 00 00 00 00 00 81 00 39 41 3a 80 
   92 000000000450 00000000cfec50 0003d 00041 0003a 00023 00000 00000 00081 23 00 00 00 00 00 81 00 3d 41 3a 80 
   93 00000000045c 00000000cfec5c 0003b 00041 0003a 0001e 00000 00000 00081 1e 00 00 00 00 00 81 00 3b 41 3a 80 
   94 000000000468 00000000cfec68 0003c 00041 0003a 00020 00000 00000 00081 20 00 00 00 00 00 81 00 3c 41 3a 80 
   95 000000000474 00000000cfec74 0003a 00041 0003a 00020 00000 00000 00081 20 00 00 00 00 00 81 00 3a 41 3a 80 
   96 000000000480 00000000cfec80 0003d 00041 00038 00022 00000 0c000 00000 22 00 00 00 00 c0 00 00 3d 41 38 80 
   97 00000000048c 00000000cfec8c 0003d 00041 00037 00022 00000 0c000 00000 22 00 00 00 00 c0 00 00 3d 41 37 80 
   98 000000000498 00000000cfec98 0003d 00041 00036 00022 00000 0c000 00000 22 00 00 00 00 c0 00 00 3d 41 36 80 
   99 0000000004a4 00000000cfeca4 0003d 00041 00035 00022 00000 0d300 0002d 22 00 00 00 00 d3 2d 00 3d 41 35 80 
  100 0000000004b0 00000000cfecb0 0003c 00041 00039 00022 00000 00000 000c0 22 00 00 00 00 00 c0 00 3c 41 39 80 
  101 0000000004bc 00000000cfecbc 0003c 00041 00038 00022 00000 00000 00000 22 00 00 00 00 00 00 00 3c 41 38 80 
  102 0000000004c8 00000000cfecc8 0003b 00041 00038 00022 00000 00000 00000 22 00 00 00 00 00 00 00 3b 41 38 80 
  103 0000000004d4 00000000cfecd4 0003c 00041 00036 00022 00000 00000 00000 22 00 00 00 00 00 00 00 3c 41 36 80 
  104 0000000004e0 00000000cfece0 0003c 00041 00035 00022 00000 00000 00040 22 00 00 00 00 00 40 00 3c 41 35 80 
  105 0000000004ec 00000000cfecec 0003b 00041 00039 00022 00000 00000 000c0 22 00 00 00 00 00 c0 00 3b 41 39 80 
  106 0000000004f8 00000000cfecf8 0003c 00041 00037 00022 00000 00000 00000 22 00 00 00 00 00 00 00 3c 41 37 80 
  107 000000000504 00000000cfed04 0003b 00041 00037 00022 00000 00000 00000 22 00 00 00 00 00 00 00 3b 41 37 80 
  108 000000000510 00000000cfed10 0003b 00041 00036 00022 00000 00000 00000 22 00 00 00 00 00 00 00 3b 41 36 80 
  109 00000000051c 00000000cfed1c 0003b 00041 00035 00022 00000 00000 00040 22 00 00 00 00 00 40 00 3b 41 35 80 
  110 000000000528 00000000cfed28 0003a 00041 00039 00022 00000 00000 000c0 22 00 00 00 00 00 c0 00 3a 41 39 80 
  111 000000000534 00000000cfed34 0003a 00041 00038 00022 00000 00000 00000 22 00 00 00 00 00 00 00 3a 41 38 80 
  112 000000000540 00000000cfed40 0003a 00041 00037 00022 00000 00000 00000 22 00 00 00 00 00 00 00 3a 41 37 80 
  113 00000000054c 00000000cfed4c 0003a 00041 00036 00022 00000 00000 00000 22 00 00 00 00 00 00 00 3a 41 36 80 
  114 000000000558 00000000cfed58 0003a 00041 00035 00022 00000 00000 00040 22 00 00 00 00 00 40 00 3a 41 35 80 
  115 000000000564 00000000cfed64 00039 00041 00039 00022 00000 02d00 000d3 22 00 00 00 00 2d d3 00 39 41 39 80 
  116 000000000570 00000000cfed70 00039 00041 00038 00022 00000 04000 00000 22 00 00 00 00 40 00 00 39 41 38 80 
  117 00000000057c 00000000cfed7c 00039 00041 00037 00022 00000 04000 00000 22 00 00 00 00 40 00 00 39 41 37 80 
  118 000000000588 00000000cfed88 00039 00041 00036 00022 00000 04000 00000 22 00 00 00 00 40 00 00 39 41 36 80 
  119 000000000594 00000000cfed94 00039 00041 00035 00022 00000 02d00 0002d 22 00 00 00 00 2d 2d 00 39 41 35 80 
  120 0000000005a0 00000000cfeda0 0003b 00041 00033 0ff1f 00000 00000 0ff00 1f ff 00 00 00 00 00 ff 3b 41 33 80 
  121 0000000005ac 00000000cfedac 0003c 00041 00033 0ff1e 00000 00000 0ff00 1e ff 00 00 00 00 00 ff 3c 41 33 80 
  122 0000000005b8 00000000cfedb8 0003d 00041 00033 0ff1d 00300 00000 0ff00 1d ff 00 03 00 00 00 ff 3d 41 33 80 
  123 0000000005c4 00000000cfedc4 0003d 00041 00032 0ff1e 00300 00000 0ff00 1e ff 00 03 00 00 00 ff 3d 41 32 80 
  124 0000000005d0 00000000cfedd0 0003d 00041 00031 0ff1d 00200 00000 0ff00 1d ff 00 02 00 00 00 ff 3d 41 31 80 
  125 0000000005dc 00000000cfeddc 0003c 00041 00031 0ff1e 00200 00000 0ff00 1e ff 00 02 00 00 00 ff 3c 41 31 80 
  126 0000000005e8 00000000cfede8 0003b 00041 00031 0ff1f 00200 00000 0ff00 1f ff 00 02 00 00 00 ff 3b 41 31 80 
  127 0000000005f4 00000000cfedf4 0003a 00041 00031 0ff1e 00200 00000 0ff00 1e ff 00 02 00 00 00 ff 3a 41 31 80 
  128 000000000600 00000000cfee00 00039 00041 00031 0ff1d 00100 00000 0ff00 1d ff 00 01 00 00 00 ff 39 41 31 80 
  129 00000000060c 00000000cfee0c 00039 00041 00032 0ff1e 00100 00000 0ff00 1e ff 00 01 00 00 00 ff 39 41 32 80 
  130 000000000618 00000000cfee18 00039 00041 00033 0ff1d 00000 00000 0ff00 1d ff 00 00 00 00 00 ff 39 41 33 80 
  131 000000000624 00000000cfee24 0003a 00041 00033 0ff1e 00000 00000 0ff00 1e ff 00 00 00 00 00 ff 3a 41 33 80 
  132 000000000630 00000000cfee30 0003a 00041 00032 0ff22 00000 00000 0ff00 22 ff 00 00 00 00 00 ff 3a 41 32 80 
  133 00000000063c 00000000cfee3c 0003b 00041 00032 0ff22 00000 00000 0ff00 22 ff 00 00 00 00 00 ff 3b 41 32 80 
  134 000000000648 00000000cfee48 0003c 00041 00032 0ff22 00000 00000 0ff00 22 ff 00 00 00 00 00 ff 3c 41 32 80 
  135 000000000654 00000000cfee54 0003b 00041 00030 0ff1c 00000 00000 0ff00 1c ff 00 00 00 00 00 ff 3b 41 30 80 
  136 000000000660 00000000cfee60 0003b 00041 0002f 0ff24 00100 00000 0ff00 24 ff 00 01 00 00 00 ff 3b 41 2f 80 
  137 00000000066c 00000000cfee6c 0003a 00041 0002f 0ff1c 00100 00000 0ff00 1c ff 00 01 00 00 00 ff 3a 41 2f 80 
  138 000000000678 00000000cfee78 00039 00041 0002f 0ff1c 00100 00000 0ff00 1c ff 00 01 00 00 00 ff 39 41 2f 80 
  139 000000000684 00000000cfee84 00038 00041 0002f 0ff25 00300 00000 0ff00 25 ff 00 03 00 00 00 ff 38 41 2f 80 
  140 000000000690 00000000cfee90 0003d 00041 0003b 0ff26 00000 00000 0ff00 26 ff 00 00 00 00 00 ff 3d 41 3b 80 
  141 00000000069c 00000000cfee9c 0003a 00041 0003f 0ff27 00000 00000 0ff00 27 ff 00 00 00 00 00 ff 3a 41 3f 80 
  142 0000000006a8 00000000cfeea8 0003a 00041 00043 00428 00200 00000 0037f 28 04 00 02 00 00 7f 03 3a 41 43 80 
  143 0000000006b4 00000000cfeeb4 0003b 00041 00043 00429 00200 0a700 00359 29 04 00 02 00 a7 59 03 3b 41 43 80 
  144 0000000006c0 00000000cfeec0 00039 00041 00043 00429 00100 05900 00359 29 04 00 01 00 59 59 03 39 41 43 80 
  145 0000000006cc 00000000cfeecc 0003b 00041 00044 0042a 00300 08100 00300 2a 04 00 03 00 81 00 03 3b 41 44 80 
  146 0000000006d8 00000000cfeed8 0003b 00041 00045 0042a 00300 08100 00300 2a 04 00 03 00 81 00 03 3b 41 45 80 
  147 0000000006e4 00000000cfeee4 0003b 00041 00046 0042a 00300 08100 00300 2a 04 00 03 00 81 00 03 3b 41 46 80 
  148 0000000006f0 00000000cfeef0 00039 00041 00044 0042a 00100 07f00 00300 2a 04 00 01 00 7f 00 03 39 41 44 80 
  149 0000000006fc 00000000cfeefc 00039 00041 00045 0042a 00100 07f00 00300 2a 04 00 01 00 7f 00 03 39 41 45 80 
  150 000000000708 00000000cfef08 00039 00041 00046 0042a 00100 07f00 00300 2a 04 00 01 00 7f 00 03 39 41 46 80 
  151 000000000714 00000000cfef14 0003b 00041 00047 00429 00300 0a700 003a7 29 04 00 03 00 a7 a7 03 3b 41 47 80 
  152 000000000720 00000000cfef20 00039 00041 00047 00429 00000 05900 003a7 29 04 00 00 00 59 a7 03 39 41 47 80 
  153 00000000072c 00000000cfef2c 0003a 00041 00047 00428 00000 00000 00381 28 04 00 00 00 00 81 03 3a 41 47 80 
  154 000000000738 00000000cfef38 0003a 00041 00046 0042b 00000 00000 003c0 2b 04 00 00 00 00 c0 03 3a 41 46 80 
  155 000000000744 00000000cfef44 0003a 00041 00045 0042b 00000 00000 00300 2b 04 00 00 00 00 00 03 3a 41 45 80 
  156 000000000750 00000000cfef50 0003a 00041 00044 0042b 00000 00000 00340 2b 04 00 00 00 00 40 03 3a 41 44 80 
  157 00000000075c 00000000cfef5c 0003a 00041 00048 0ff27 00000 00000 00300 27 ff 00 00 00 00 00 03 3a 41 48 80 
  158 000000000768 00000000cfef68 0003d 00041 0003c 0ff27 00000 00000 0ff00 27 ff 00 00 00 00 00 ff 3d 41 3c 80 
  159 000000000774 00000000cfef74 0003d 00041 0003d 0ff27 00000 00000 0ff00 27 ff 00 00 00 00 00 ff 3d 41 3d 80 
  160 000000000780 00000000cfef80 0003a 00041 0003e 0ff2c 00100 00000 0ff00 2c ff 00 01 00 00 00 ff 3a 41 3e 80 
  161 00000000078c 00000000cfef8c 0003a 00041 00040 0ff27 00000 00000 0ff00 27 ff 00 00 00 00 00 ff 3a 41 40 80 
  162 000000000798 00000000cfef98 00043 00041 00041 0032d 00300 00000 00200 2d 03 00 03 00 00 00 02 43 41 41 80 
  163 0000000007a4 00000000cfefa4 00044 00041 00041 0031b 00100 00000 00200 1b 03 00 01 00 00 00 02 44 41 41 80 
  164 0000000007b0 00000000cfefb0 00045 00041 00041 0ff2e 00300 00001 00200 2e ff 00 03 01 00 00 02 45 41 41 80 
  165 0000000007bc 00000000cfefbc 00046 00041 00041 0ff2f 00300 00001 00200 2f ff 00 03 01 00 00 02 46 41 41 80 
  166 0000000007c8 00000000cfefc8 0003a 00041 00041 0ff27 00000 00000 0ff00 27 ff 00 00 00 00 00 ff 3a 41 41 80 
  167 0000000007d4 00000000cfefd4 0003a 00041 00042 0ff27 00000 00000 0ff00 27 ff 00 00 00 00 00 ff 3a 41 42 80 
  168 0000000007e0 00000000cfefe0 00042 00041 0003b 0ff0c 00000 00000 00000 0c ff 00 00 00 00 00 00 42 41 3b 80 
  169 0000000007ec 00000000cfefec 00042 00041 0003c 0ff0c 00000 00000 0ff00 0c ff 00 00 00 00 00 ff 42 41 3c 80 
  170 0000000007f8 00000000cfeff8 0003a 00041 00049 0ff2c 00000 00000 00300 2c ff 00 00 00 00 00 03 3a 41 49 80 
  171 000000000804 00000000cff004 0003b 00041 00049 0ff27 00100 00000 00300 27 ff 00 01 00 00 00 03 3b 41 49 80 
  172 000000000810 00000000cff010 0003c 00041 00049 00530 00100 07f00 00300 30 05 00 01 00 7f 00 03 3c 41 49 80 
  173 00000000081c 00000000cff01c 0003c 00041 0004a 00531 00000 05900 003a7 31 05 00 00 00 59 a7 03 3c 41 4a 80 
  174 000000000828 00000000cff028 0003d 00041 0004a 00532 00000 00001 00381 32 05 00 00 01 00 81 03 3d 41 4a 80 
  175 000000000834 00000000cff034 0003e 00041 0004a 00533 00000 00001 00381 33 05 00 00 01 00 81 03 3e 41 4a 80 
  176 000000000840 00000000cff040 0003f 00041 0004a 00533 00000 00001 00381 33 05 00 00 01 00 81 03 3f 41 4a 80 
  177 00000000084c 00000000cff04c 00040 00041 0004a 00534 00300 00001 00381 34 05 00 03 01 00 81 03 40 41 4a 80 
  178 000000000858 00000000cff058 00042 00041 0004a 00535 00100 00001 00381 35 05 00 01 01 00 81 03 42 41 4a 80 
  179 000000000864 00000000cff064 00043 00041 0004a 00536 00000 00001 00381 36 05 00 00 01 00 81 03 43 41 4a 80 
  180 000000000870 00000000cff070 00044 00041 0004a 00531 00300 0a700 003a7 31 05 00 03 00 a7 a7 03 44 41 4a 80 
  181 00000000087c 00000000cff07c 00044 00041 00049 00530 00300 08100 00300 30 05 00 03 00 81 00 03 44 41 49 80 
  182 000000000888 00000000cff088 00044 00041 00048 00531 00200 0a700 00359 31 05 00 02 00 a7 59 03 44 41 48 80 
  183 000000000894 00000000cff094 00043 00041 00048 00532 00200 00001 0037f 32 05 00 02 01 00 7f 03 43 41 48 80 
  184 0000000008a0 00000000cff0a0 00042 00041 00048 00534 00100 00001 0037f 34 05 00 01 01 00 7f 03 42 41 48 80 
  185 0000000008ac 00000000cff0ac 00040 00041 00048 00537 00300 00001 0037f 37 05 00 03 01 00 7f 03 40 41 48 80 
  186 0000000008b8 00000000cff0b8 0003f 00041 00048 00533 00200 00001 0037f 33 05 00 02 01 00 7f 03 3f 41 48 80 
  187 0000000008c4 00000000cff0c4 0003e 00041 00048 00533 00200 00001 0037f 33 05 00 02 01 00 7f 03 3e 41 48 80 
  188 0000000008d0 00000000cff0d0 0003d 00041 00048 00536 00200 00001 0037f 36 05 00 02 01 00 7f 03 3d 41 48 80 
  189 0000000008dc 00000000cff0dc 0003c 00041 00048 00531 00100 05900 00359 31 05 00 01 00 59 59 03 3c 41 48 80 
  190 0000000008e8 00000000cff0e8 0003c 00040 0004a 00538 00000 05900 003a7 38 05 00 00 00 59 a7 03 3c 40 4a 80 
  191 0000000008f4 00000000cff0f4 0003d 00040 0004a 00539 00000 05900 003a7 39 05 00 00 00 59 a7 03 3d 40 4a 80 
  192 000000000900 00000000cff100 0003e 00040 0004a 0053a 00000 01400 003c4 3a 05 00 00 00 14 c4 03 3e 40 4a 80 
  193 00000000090c 00000000cff10c 0003f 00040 0004a 0053a 00000 00000 003c0 3a 05 00 00 00 00 c0 03 3f 40 4a 80 
  194 000000000918 00000000cff118 00040 00040 0004a 0053a 00000 00000 003c0 3a 05 00 00 00 00 c0 03 40 40 4a 80 
  195 000000000924 00000000cff124 00042 00040 0004a 0053a 00000 0ec00 003c4 3a 05 00 00 00 ec c4 03 42 40 4a 80 
  196 000000000930 00000000cff130 00043 00040 0004a 0053b 00000 0a700 003a7 3b 05 00 00 00 a7 a7 03 43 40 4a 80 
  197 00000000093c 00000000cff13c 00044 00040 0004a 00538 00300 0a700 003a7 38 05 00 03 00 a7 a7 03 44 40 4a 80 
  198 000000000948 00000000cff148 00044 00040 00049 0053c 00300 08100 00300 3c 05 00 03 00 81 00 03 44 40 49 80 
  199 000000000954 00000000cff154 00044 00040 00048 00538 00200 0a700 00359 38 05 00 02 00 a7 59 03 44 40 48 80 
  200 000000000960 00000000cff160 00043 00040 00048 00539 00200 0a700 00359 39 05 00 02 00 a7 59 03 43 40 48 80 
  201 00000000096c 00000000cff16c 00041 00040 0004a 0053d 00300 00000 003c0 3d 05 00 03 00 00 c0 03 41 40 4a 80 
  202 000000000978 00000000cff178 00041 00040 00049 00511 00000 00001 00300 11 05 00 00 01 00 00 03 41 40 49 80 
  203 000000000984 00000000cff184 0003f 00040 00048 0053a 00200 00000 00340 3a 05 00 02 00 00 40 03 3f 40 48 80 
  204 000000000990 00000000cff190 0003e 00040 00048 0053a 00200 01400 0033c 3a 05 00 02 00 14 3c 03 3e 40 48 80 
  205 00000000099c 00000000cff19c 0003d 00040 00048 0053b 00200 05900 00359 3b 05 00 02 00 59 59 03 3d 40 48 80 
  206 0000000009a8 00000000cff1a8 0003c 00040 00048 00538 00100 05900 00359 38 05 00 01 00 59 59 03 3c 40 48 80 
  207 0000000009b4 00000000cff1b4 0003c 00040 00049 0053c 00100 07f00 00300 3c 05 00 01 00 7f 00 03 3c 40 49 80 
  208 0000000009c0 00000000cff1c0 0003d 00040 00049 00511 00000 04001 00300 11 05 00 00 01 40 00 03 3d 40 49 80 
  209 0000000009cc 00000000cff1cc 0003e 00040 00049 00511 00000 04001 00300 11 05 00 00 01 40 00 03 3e 40 49 80 
  210 0000000009d8 00000000cff1d8 0003f 00040 00049 00511 00000 00001 00300 11 05 00 00 01 00 00 03 3f 40 49 80 
  211 0000000009e4 00000000cff1e4 00041 00040 00048 0053d 00100 00000 00340 3d 05 00 01 00 00 40 03 41 40 48 80 
  212 0000000009f0 00000000cff1f0 00043 00040 00049 00511 00000 0c001 00300 11 05 00 00 01 c0 00 03 43 40 49 80 
  213 0000000009fc 00000000cff1fc 00042 00040 00049 00511 00000 0c001 00300 11 05 00 00 01 c0 00 03 42 40 49 80 
  214 000000000a08 00000000cff208 0003d 00040 00047 00502 00100 05900 00359 02 05 00 01 00 59 59 03 3d 40 47 80 
  215 000000000a14 00000000cff214 0003e 00040 00047 00501 00200 00000 0037f 01 05 00 02 00 00 7f 03 3e 40 47 80 
  216 000000000a20 00000000cff220 0003f 00040 00047 00500 00200 00000 0037f 00 05 00 02 00 00 7f 03 3f 40 47 80 
  217 000000000a2c 00000000cff22c 00040 00040 00047 00501 00200 00000 0037f 01 05 00 02 00 00 7f 03 40 40 47 80 
  218 000000000a38 00000000cff238 00042 00040 00047 00501 00200 00000 0037f 01 05 00 02 00 00 7f 03 42 40 47 80 
  219 000000000a44 00000000cff244 00043 00040 00047 00502 00200 0a700 00359 02 05 00 02 00 a7 59 03 43 40 47 80 
  220 000000000a50 00000000cff250 00043 00040 0004b 00502 00300 0a700 003a7 02 05 00 03 00 a7 a7 03 43 40 4b 80 
  221 000000000a5c 00000000cff25c 00042 00040 0004b 00501 00000 00000 00381 01 05 00 00 00 00 81 03 42 40 4b 80 
  222 000000000a68 00000000cff268 00041 00040 0004b 0053e 00000 00000 00381 3e 05 00 00 00 00 81 03 41 40 4b 80 
  223 000000000a74 00000000cff274 00040 00040 0004b 00501 00000 00000 00381 01 05 00 00 00 00 81 03 40 40 4b 80 
  224 000000000a80 00000000cff280 0003f 00040 0004b 00500 00000 00000 00381 00 05 00 00 00 00 81 03 3f 40 4b 80 
  225 000000000a8c 00000000cff28c 0003e 00040 0004b 00501 00000 00000 00381 01 05 00 00 00 00 81 03 3e 40 4b 80 
  226 000000000a98 00000000cff298 0003d 00040 0004b 00502 00000 05900 003a7 02 05 00 00 00 59 a7 03 3d 40 4b 80 
  227 000000000aa4 00000000cff2a4 00041 00040 0004c 00616 00000 00000 0037f 16 06 00 00 00 00 7f 03 41 40 4c 80 
  228 000000000ab0 00000000cff2b0 00042 00040 0004c 00614 00200 00000 0037f 14 06 00 02 00 00 7f 03 42 40 4c 80 
  229 000000000abc 00000000cff2bc 00043 00040 0004c 00613 00200 0a700 00359 13 06 00 02 00 a7 59 03 43 40 4c 80 
  230 000000000ac8 00000000cff2c8 00043 00040 0004d 00614 00300 08100 00300 14 06 00 03 00 81 00 03 43 40 4d 80 
  231 000000000ad4 00000000cff2d4 00040 00040 0004c 00614 00200 00000 0037f 14 06 00 02 00 00 7f 03 40 40 4c 80 
  232 000000000ae0 00000000cff2e0 0003f 00040 0004c 00613 00100 05900 00359 13 06 00 01 00 59 59 03 3f 40 4c 80 
  233 000000000aec 00000000cff2ec 00042 00040 00050 00614 00000 00000 00381 14 06 00 00 00 00 81 03 42 40 50 80 
  234 000000000af8 00000000cff2f8 00043 00040 00050 00613 00300 0a700 003a7 13 06 00 03 00 a7 a7 03 43 40 50 80 
  235 000000000b04 00000000cff304 00040 00040 00050 00614 00000 00000 00381 14 06 00 00 00 00 81 03 40 40 50 80 
  236 000000000b10 00000000cff310 0003f 00040 00050 00613 00000 05900 003a7 13 06 00 00 00 59 a7 03 3f 40 50 80 
  237 000000000b1c 00000000cff31c 00041 00040 00050 00614 00000 00000 00381 14 06 00 00 00 00 81 03 41 40 50 80 
  238 000000000b28 00000000cff328 0003f 00040 0004d 00614 00100 07f00 00300 14 06 00 01 00 7f 00 03 3f 40 4d 80 
  239 000000000b34 00000000cff334 00042 00040 0004d 00619 00000 0d300 0032d 19 06 00 00 00 d3 2d 03 42 40 4d 80 
  240 000000000b40 00000000cff340 00041 00040 0004d 00619 00000 00000 00340 19 06 00 00 00 00 40 03 41 40 4d 80 
  241 000000000b4c 00000000cff34c 00040 00040 0004d 00619 00000 02d00 0032d 19 06 00 00 00 2d 2d 03 40 40 4d 80 
  242 000000000b58 00000000cff358 00046 00041 00049 0ff23 00100 00000 00300 23 ff 00 01 00 00 00 03 46 41 49 80 
  243 000000000b64 00000000cff364 00046 00041 0004a 0ff20 00100 00000 00300 20 ff 00 01 00 00 00 03 46 41 4a 80 
  244 000000000b70 00000000cff370 00046 00041 0004b 0ff1d 00000 00000 00300 1d ff 00 00 00 00 00 03 46 41 4b 80 
  245 000000000b7c 00000000cff37c 00047 00041 0004b 0ff20 00000 00000 00300 20 ff 00 00 00 00 00 03 47 41 4b 80 
  246 000000000b88 00000000cff388 00048 00041 0004b 0ff1d 00300 00000 00300 1d ff 00 03 00 00 00 03 48 41 4b 80 
  247 000000000b94 00000000cff394 00046 00041 00047 0ff1d 00100 00000 00300 1d ff 00 01 00 00 00 03 46 41 47 80 
  248 000000000ba0 00000000cff3a0 00047 00041 00047 0ff20 00200 00000 00300 20 ff 00 02 00 00 00 03 47 41 47 80 
  249 000000000bac 00000000cff3ac 00048 00041 00047 0ff1d 00200 00000 00300 1d ff 00 02 00 00 00 03 48 41 47 80 
  250 000000000bb8 00000000cff3b8 00046 00041 00048 0ff20 00100 00000 00300 20 ff 00 01 00 00 00 03 46 41 48 80 
  251 000000000bc4 00000000cff3c4 00048 00041 0004a 0ff1f 00300 00000 00300 1f ff 00 03 00 00 00 03 48 41 4a 80 
  252 000000000bd0 00000000cff3d0 00048 00041 00048 0ff20 00300 00000 00300 20 ff 00 03 00 00 00 03 48 41 48 80 
  253 000000000bdc 00000000cff3dc 00048 00041 00049 0ff20 00300 00000 00300 20 ff 00 03 00 00 00 03 48 41 49 80 
  254 000000000be8 00000000cff3e8 00047 00041 0004a 0ff22 00000 00000 00300 22 ff 00 00 00 00 00 03 47 41 4a 80 
  255 000000000bf4 00000000cff3f4 00047 00041 00049 0ff22 00000 00000 00300 22 ff 00 00 00 00 00 03 47 41 49 80 
  256 000000000c00 00000000cff400 00047 00041 00048 0ff22 00000 00000 00300 22 ff 00 00 00 00 00 03 47 41 48 80 
  257 000000000c0c 00000000cff40c 00041 00040 00047 0053f 00200 00000 0037f 3f 05 00 02 00 00 7f 03 41 40 47 80 
  258 000000000c18 00000000cff418 00041 00040 00046 0ff40 00000 00000 00300 40 ff 00 00 00 00 00 03 41 40 46 80 
  259 000000000c24 00000000cff424 00046 00041 00042 0ff13 00000 00000 00200 13 ff 00 00 00 00 00 02 46 41 42 80 
  260 000000000c30 00000000cff430 00047 00041 00042 0ff14 00000 00000 00200 14 ff 00 00 00 00 00 02 47 41 42 80 
  261 000000000c3c 00000000cff43c 00048 00041 00042 0ff13 00300 00000 00200 13 ff 00 03 00 00 00 02 48 41 42 80 
  262 000000000c48 00000000cff448 00046 00041 00040 0ff13 00100 00000 00200 13 ff 00 01 00 00 00 02 46 41 40 80 
  263 000000000c54 00000000cff454 00048 00041 00040 0ff13 00200 00000 00200 13 ff 00 02 00 00 00 02 48 41 40 80 
  264 000000000c60 00000000cff460 00047 00041 00040 0ff14 00200 00000 00200 14 ff 00 02 00 00 00 02 47 41 40 80 
  265 000000000c6c 00000000cff46c 00048 00041 00041 0ff16 00100 00000 00200 16 ff 00 01 00 00 00 02 48 41 41 80 
  266 000000000c78 00000000cff478 00047 00041 00041 0ff19 00000 00000 00200 19 ff 00 00 00 00 00 02 47 41 41 80 
  267 000000000c84 00000000cff484 00049 00041 00041 0ff1b 00100 00000 0ff00 1b ff 00 01 00 00 00 ff 49 41 41 80 
  268 000000000c90 00000000cff490 0004a 00041 00041 0ff41 00100 00000 0ff00 41 ff 00 01 00 00 00 ff 4a 41 41 80 
  269 000000000c9c 00000000cff49c 00041 00041 0004a 00542 00300 00001 00381 42 05 00 03 01 00 81 03 41 41 4a 80 
  270 000000000ca8 00000000cff4a8 00041 00041 00049 00543 00100 00001 00300 43 05 00 01 01 00 00 03 41 41 49 80 
  271 000000000cb4 00000000cff4b4 00041 00041 00048 00542 00100 00001 0037f 42 05 00 01 01 00 7f 03 41 41 48 80 
  272 000000000cc0 00000000cff4c0 00042 00041 00049 00544 00000 00000 00300 44 05 00 00 00 00 00 03 42 41 49 80 
  273 000000000ccc 00000000cff4cc 00040 00041 00049 00544 00200 00000 00300 44 05 00 02 00 00 00 03 40 41 49 80 
  274 000000000cd8 00000000cff4d8 00040 00040 00049 00511 00200 00001 00300 11 05 00 02 01 00 00 03 40 40 49 80 
  275 000000000ce4 00000000cff4e4 00040 00040 00048 0053a 00200 00000 00340 3a 05 00 02 00 00 40 03 40 40 48 80 
  276 000000000cf0 00000000cff4f0 00042 00040 00048 0053a 00200 0ec00 0033c 3a 05 00 02 00 ec 3c 03 42 40 48 80 
  277 000000000cfc 00000000cff4fc 0003d 00041 00049 00544 00000 04000 00300 44 05 00 00 00 40 00 03 3d 41 49 80 
  278 000000000d08 00000000cff508 0003e 00041 00049 00544 00000 00000 00300 44 05 00 00 00 00 00 03 3e 41 49 80 
  279 000000000d14 00000000cff514 0003f 00041 00049 00544 00000 00000 00300 44 05 00 00 00 00 00 03 3f 41 49 80 
  280 000000000d20 00000000cff520 00043 00041 00049 00544 00000 0c000 00300 44 05 00 00 00 c0 00 03 43 41 49 80 
  281 000000000d2c 00000000cff52c 00042 00041 0003d 0030c 00000 00000 002c0 0c 03 00 00 00 00 c0 02 42 41 3d 80 
  282 000000000d38 00000000cff538 00041 00040 00045 0ff40 00000 00000 0ff00 40 ff 00 00 00 00 00 ff 41 40 45 80 
  283 000000000d44 00000000cff544 00041 00040 00044 0ff40 00000 00000 00200 40 ff 00 00 00 00 00 02 41 40 44 80 
  284 000000000d50 00000000cff550 00041 00040 00043 0ff40 00000 00000 00200 40 ff 00 00 00 00 00 02 41 40 43 80 
  285 000000000d5c 00000000cff55c 00043 00040 0004e 00614 00300 08100 00300 14 06 00 03 00 81 00 03 43 40 4e 80 
  286 000000000d68 00000000cff568 0003f 00040 0004e 00614 00100 07f00 00300 14 06 00 01 00 7f 00 03 3f 40 4e 80 
  287 000000000d74 00000000cff574 00042 00040 0004e 00619 00000 0c000 00300 19 06 00 00 00 c0 00 03 42 40 4e 80 
  288 000000000d80 00000000cff580 00041 00040 0004e 00619 00000 00000 00300 19 06 00 00 00 00 00 03 41 40 4e 80 
  289 000000000d8c 00000000cff58c 00040 00040 0004e 00619 00000 04000 00300 19 06 00 00 00 40 00 03 40 40 4e 80 
  290 000000000d98 00000000cff598 00043 00040 0004f 00615 00100 08100 00300 15 06 00 01 00 81 00 03 43 40 4f 80 
  291 000000000da4 00000000cff5a4 0003f 00040 0004f 00614 00100 07f00 00300 14 06 00 01 00 7f 00 03 3f 40 4f 80 
  292 000000000db0 00000000cff5b0 00042 00040 0004f 00619 00000 0d300 003d3 19 06 00 00 00 d3 d3 03 42 40 4f 80 
  293 000000000dbc 00000000cff5bc 00041 00040 0004f 00619 00000 00000 003c0 19 06 00 00 00 00 c0 03 41 40 4f 80 
  294 000000000dc8 00000000cff5c8 00040 00040 0004f 00619 00000 02d00 003d3 19 06 00 00 00 2d d3 03 40 40 4f 80 
  295 000000000dd4 00000000cff5d4 00045 00041 00049 0ff26 00100 00000 00300 26 ff 00 01 00 00 00 03 45 41 49 80 
  296 000000000de0 00000000cff5e0 00045 00041 0003c 0ff14 00100 00000 00100 14 ff 00 01 00 00 00 01 45 41 3c 80 
  297 000000000dec 00000000cff5ec 00045 00041 0003b 0ff13 00100 00000 00100 13 ff 00 01 00 00 00 01 45 41 3b 80 
  298 000000000df8 00000000cff5f8 00046 00041 0003b 0ff14 00200 00000 00100 14 ff 00 02 00 00 00 01 46 41 3b 80 
  299 000000000e04 00000000cff604 00047 00041 0003b 0ff16 00000 00000 00100 16 ff 00 00 00 00 00 01 47 41 3b 80 
  300 000000000e10 00000000cff610 00048 00041 0003b 0ff14 00200 00000 00100 14 ff 00 02 00 00 00 01 48 41 3b 80 
  301 000000000e1c 00000000cff61c 00049 00041 0003b 0ff13 00200 00000 00100 13 ff 00 02 00 00 00 01 49 41 3b 80 
  302 000000000e28 00000000cff628 00049 00041 0003c 00214 00300 08100 00100 14 02 00 03 00 81 00 01 49 41 3c 80 
  303 000000000e34 00000000cff634 00049 00041 0003d 00214 00300 08100 00100 14 02 00 03 00 81 00 01 49 41 3d 80 
  304 000000000e40 00000000cff640 00049 00041 0003e 00214 00300 08100 00100 14 02 00 03 00 81 00 01 49 41 3e 80 
  305 000000000e4c 00000000cff64c 00049 00041 0003f 0ff13 00300 00000 00100 13 ff 00 03 00 00 00 01 49 41 3f 80 
  306 000000000e58 00000000cff658 00046 00041 0003f 0ff14 00000 00000 00100 14 ff 00 00 00 00 00 01 46 41 3f 80 
  307 000000000e64 00000000cff664 00047 00041 0003f 0ff14 00000 00000 00100 14 ff 00 00 00 00 00 01 47 41 3f 80 
  308 000000000e70 00000000cff670 00048 00041 0003f 0ff14 00000 00000 00100 14 ff 00 00 00 00 00 01 48 41 3f 80 
  309 000000000e7c 00000000cff67c 00045 00041 0003d 0ff14 00100 00000 00100 14 ff 00 01 00 00 00 01 45 41 3d 80 
  310 000000000e88 00000000cff688 00045 00041 0003e 0ff14 00100 00000 00100 14 ff 00 01 00 00 00 01 45 41 3e 80 
  311 000000000e94 00000000cff694 00045 00041 0003f 0ff13 00000 00000 00100 13 ff 00 00 00 00 00 01 45 41 3f 80 
  312 000000000ea0 00000000cff6a0 00046 00041 0003e 00219 00000 00000 00100 19 02 00 00 00 00 00 01 46 41 3e 80 
  313 000000000eac 00000000cff6ac 00046 00041 0003d 00219 00000 00000 00100 19 02 00 00 00 00 00 01 46 41 3d 80 
  314 000000000eb8 00000000cff6b8 00046 00041 0003c 00219 00000 00000 00100 19 02 00 00 00 00 00 01 46 41 3c 80 
  315 000000000ec4 00000000cff6c4 00047 00041 0003e 00219 00000 00000 00100 19 02 00 00 00 00 00 01 47 41 3e 80 
  316 000000000ed0 00000000cff6d0 00047 00041 0003d 00219 00000 00000 00100 19 02 00 00 00 00 00 01 47 41 3d 80 
  317 000000000edc 00000000cff6dc 00047 00041 0003c 00219 00000 00000 00100 19 02 00 00 00 00 00 01 47 41 3c 80 
  318 000000000ee8 00000000cff6e8 00048 00041 0003e 00219 00000 0c700 0011c 19 02 00 00 00 c7 1c 01 48 41 3e 80 
  319 000000000ef4 00000000cff6f4 00048 00041 0003d 00219 00000 0c000 00100 19 02 00 00 00 c0 00 01 48 41 3d 80 
  320 000000000f00 00000000cff700 00048 00041 0003c 00219 00000 0c700 001e4 19 02 00 00 00 c7 e4 01 48 41 3c 80 
  321 000000000f0c 00000000cff70c 0003f 00041 00032 0ff13 00300 00000 0ff00 13 ff 00 03 00 00 00 ff 3f 41 32 80 
  322 000000000f18 00000000cff718 0003e 00041 00032 0ff13 00000 00000 0ff00 13 ff 00 00 00 00 00 ff 3e 41 32 80 
  323 000000000f24 00000000cff724 0003f 00041 00030 0ff13 00200 00000 0ff00 13 ff 00 02 00 00 00 ff 3f 41 30 80 
  324 000000000f30 00000000cff730 0003e 00041 00030 0ff13 00100 00000 0ff00 13 ff 00 01 00 00 00 ff 3e 41 30 80 
  325 000000000f3c 00000000cff73c 00041 00041 00032 0ff1b 00000 00000 0ff00 1b ff 00 00 00 00 00 ff 41 41 32 80 
  326 000000000f48 00000000cff748 0004a 00041 0004a 0ff24 00200 00000 0ff00 24 ff 00 02 00 00 00 ff 4a 41 4a 80 
  327 000000000f54 00000000cff754 0004a 00041 00049 0ff1c 00000 00000 0ff00 1c ff 00 00 00 00 00 ff 4a 41 49 80 
  328 000000000f60 00000000cff760 0004a 00041 00048 0ff25 00000 00000 0ff00 25 ff 00 00 00 00 00 ff 4a 41 48 80 
  329 000000000f6c 00000000cff76c 00049 00041 0004a 0ff1c 00100 00000 0ff00 1c ff 00 01 00 00 00 ff 49 41 4a 80 
  330 000000000f78 00000000cff778 00044 00041 00032 0ff14 00100 00000 0ff00 14 ff 00 01 00 00 00 ff 44 41 32 80 
  331 000000000f84 00000000cff784 0003e 00041 0003c 0ff45 00300 00000 0ff00 45 ff 00 03 00 00 00 ff 3e 41 3c 80 
  332 000000000f90 00000000cff790 00038 00041 0003c 0ff46 00000 00000 0ff00 46 ff 00 00 00 00 00 ff 38 41 3c 80 
  333 000000000f9c 00000000cff79c 00045 00041 00046 0ff46 00100 00000 0ff00 46 ff 00 01 00 00 00 ff 45 41 46 80 
  334 000000000fa8 00000000cff7a8 00036 00041 00031 0ff47 00200 00000 0ff00 47 ff 00 02 00 00 00 ff 36 41 31 80 
  335 000000000fb4 00000000cff7b4 00044 00040 0004f 00816 00300 07f00 00300 16 08 00 03 00 7f 00 03 44 40 4f 80 
  336 000000000fc0 00000000cff7c0 00044 00040 0004e 00814 00100 07f00 00300 14 08 00 01 00 7f 00 03 44 40 4e 80 
  337 000000000fcc 00000000cff7cc 00045 00040 0004e 00819 00200 02d00 0032d 19 08 00 02 00 2d 2d 03 45 40 4e 80 
  338 000000000fd8 00000000cff7d8 00046 00040 0004e 00819 00200 0d300 0032d 19 08 00 02 00 d3 2d 03 46 40 4e 80 
  339 000000000fe4 00000000cff7e4 00046 00040 0004f 00819 00300 0d300 003d3 19 08 00 03 00 d3 d3 03 46 40 4f 80 
  340 000000000ff0 00000000cff7f0 00046 00040 00050 00814 00000 00000 00381 14 08 00 00 00 00 81 03 46 40 50 80 
  341 000000000ffc 00000000cff7fc 00045 00040 00050 00814 00000 00000 00381 14 08 00 00 00 00 81 03 45 40 50 80 
  342 000000001008 00000000cff808 00044 00040 00050 00813 00000 05900 003a7 13 08 00 00 00 59 a7 03 44 40 50 80 
  343 000000001014 00000000cff814 00043 00040 00051 0ff48 00000 00000 0ff00 48 ff 00 00 00 00 00 ff 43 40 51 80 
  344 000000001020 00000000cff820 00045 00040 0004f 00819 00000 02d00 003d3 19 08 00 00 00 2d d3 03 45 40 4f 80 
  345 00000000102c 00000000cff82c 00047 00041 0003a 0ff1b 00000 00000 00100 1b ff 00 00 00 00 00 01 47 41 3a 80 
  346 000000001038 00000000cff838 00047 00041 00039 0ff1a 00000 00000 00100 1a ff 00 00 00 00 00 01 47 41 39 80 
  347 000000001044 00000000cff844 00048 00041 00039 0ff1b 00100 00000 00100 1b ff 00 01 00 00 00 01 48 41 39 80 
  348 000000001050 00000000cff850 00049 00041 00038 0ff1b 00000 00000 00100 1b ff 00 00 00 00 00 01 49 41 38 80 
  349 00000000105c 00000000cff85c 00049 00041 00039 0ff1a 00200 00000 00100 1a ff 00 02 00 00 00 01 49 41 39 80 
  350 000000001068 00000000cff868 00049 00041 00037 0ff1b 00000 00000 00100 1b ff 00 00 00 00 00 01 49 41 37 80 
  351 000000001074 00000000cff874 00049 00041 00036 0ff1b 00000 00000 00100 1b ff 00 00 00 00 00 01 49 41 36 80 
  352 000000001080 00000000cff880 00049 00041 00035 0ff1b 00000 00000 00100 1b ff 00 00 00 00 00 01 49 41 35 80 
  353 00000000108c 00000000cff88c 00049 00041 00034 0ff1a 00100 00000 00100 1a ff 00 01 00 00 00 01 49 41 34 80 
  354 000000001098 00000000cff898 00048 00041 00034 0ff1b 00100 00000 00100 1b ff 00 01 00 00 00 01 48 41 34 80 
  355 0000000010a4 00000000cff8a4 00047 00041 00034 0ff1b 00100 00000 0ff00 1b ff 00 01 00 00 00 ff 47 41 34 80 
  356 0000000010b0 00000000cff8b0 00046 00041 00034 0ff1b 00100 00000 0ff00 1b ff 00 01 00 00 00 ff 46 41 34 80 
  357 0000000010bc 00000000cff8bc 00045 00041 00034 0ff1b 00100 00000 0ff00 1b ff 00 01 00 00 00 ff 45 41 34 80 
  358 0000000010c8 00000000cff8c8 00045 00041 00037 00716 00300 07f00 00000 16 07 00 03 00 7f 00 00 45 41 37 80 
  359 0000000010d4 00000000cff8d4 00045 00041 00038 00713 00000 05900 000a7 13 07 00 00 00 59 a7 00 45 41 38 80 
  360 0000000010e0 00000000cff8e0 00045 00041 00035 00713 00100 05900 00059 13 07 00 01 00 59 59 00 45 41 35 80 
  361 0000000010ec 00000000cff8ec 00046 00041 00038 00714 00000 00000 00081 14 07 00 00 00 00 81 00 46 41 38 80 
  362 0000000010f8 00000000cff8f8 00047 00041 00038 00714 00000 00000 00081 14 07 00 00 00 00 81 00 47 41 38 80 
  363 000000001104 00000000cff904 00046 00041 00035 00714 00200 00000 0007f 14 07 00 02 00 00 7f 00 46 41 35 80 
  364 000000001110 00000000cff910 00047 00041 00035 00714 00200 00000 0007f 14 07 00 02 00 00 7f 00 47 41 35 80 
  365 00000000111c 00000000cff91c 00048 00041 00038 00713 00300 0a700 000a7 13 07 00 03 00 a7 a7 00 48 41 38 80 
  366 000000001128 00000000cff928 00048 00041 00035 00713 00200 0a700 00059 13 07 00 02 00 a7 59 00 48 41 35 80 
  367 000000001134 00000000cff934 00048 00041 00037 00714 00300 08100 00000 14 07 00 03 00 81 00 00 48 41 37 80 
  368 000000001140 00000000cff940 00046 00041 00037 00719 00000 02d00 000d3 19 07 00 00 00 2d d3 00 46 41 37 80 
  369 00000000114c 00000000cff94c 00047 00041 00037 00719 00000 0d300 000d3 19 07 00 00 00 d3 d3 00 47 41 37 80 
  370 000000001158 00000000cff958 00048 00041 00036 00714 00300 08100 00000 14 07 00 03 00 81 00 00 48 41 36 80 
  371 000000001164 00000000cff964 00046 00041 00036 00719 00000 02d00 0002d 19 07 00 00 00 2d 2d 00 46 41 36 80 
  372 000000001170 00000000cff970 00047 00041 00036 00719 00000 0d300 0002d 19 07 00 00 00 d3 2d 00 47 41 36 80 
  373 00000000117c 00000000cff97c 00045 00041 00036 00714 00100 07f00 00000 14 07 00 01 00 7f 00 00 45 41 36 80 
  374 000000001188 00000000cff988 00045 00041 00039 0ff48 00100 00000 0ff00 48 ff 00 01 00 00 00 ff 45 41 39 80 
  375 000000001194 00000000cff994 0003d 00041 0003e 0ff2c 00300 00000 0ff00 2c ff 00 03 00 00 00 ff 3d 41 3e 80 
  376 0000000011a0 00000000cff9a0 0003c 00041 0003e 0ff27 00100 00000 0ff00 27 ff 00 01 00 00 00 ff 3c 41 3e 80 
  377 0000000011ac 00000000cff9ac 0003b 00041 0003e 0ff27 00100 00000 0ff00 27 ff 00 01 00 00 00 ff 3b 41 3e 80 
  378 0000000011b8 00000000cff9b8 00045 00041 00043 0ff49 00300 00001 0ff00 49 ff 00 03 01 00 00 ff 45 41 43 80 
  379 0000000011c4 00000000cff9c4 00046 00041 00043 0ff4a 00300 00001 0ff00 4a ff 00 03 01 00 00 ff 46 41 43 80 
  380 0000000011d0 00000000cff9d0 00047 00040 00050 00813 00300 0a700 003a7 13 08 00 03 00 a7 a7 03 47 40 50 80 
  381 0000000011dc 00000000cff9dc 00047 00040 0004f 00814 00300 08100 00300 14 08 00 03 00 81 00 03 47 40 4f 80 
  382 0000000011e8 00000000cff9e8 00047 00040 0004e 00814 00300 08100 00300 14 08 00 03 00 81 00 03 47 40 4e 80 
  383 0000000011f4 00000000cff9f4 00047 00040 0004d 00813 00200 0a700 00359 13 08 00 02 00 a7 59 03 47 40 4d 80 
  384 000000001200 00000000cffa00 00046 00040 0004d 00814 00200 00000 0037f 14 08 00 02 00 00 7f 03 46 40 4d 80 
  385 00000000120c 00000000cffa0c 00045 00040 0004d 00814 00200 00000 0037f 14 08 00 02 00 00 7f 03 45 40 4d 80 
  386 000000001218 00000000cffa18 00044 00040 0004d 00813 00100 05900 00359 13 08 00 01 00 59 59 03 44 40 4d 80 
  387 000000001224 00000000cffa24  BLANK  BLANK  BLANK 0ff00 00000 00000 0ff00 00 ff 00 00 00 00 00 ff ff 00 00 00 
  388 000000001230 00000000cffa30  BLANK  BLANK  BLANK 0ff00 00000 00000 0ff00 00 ff 00 00 00 00 00 ff ff 00 00 00 
  389 00000000123c 00000000cffa3c  BLANK  BLANK  BLANK 0ff00 00000 00000 0ff00 00 ff 00 00 00 00 00 ff ff 00 00 00 
  390 000000001248 00000000cffa48  BLANK  BLANK  BLANK 0ff00 00000 00000 0ff00 00 ff 00 00 00 00 00 ff ff 00 00 00 
  391 000000001254 00000000cffa54  BLANK  BLANK  BLANK 0ff00 00000 00000 0ff00 00 ff 00 00 00 00 00 ff ff 00 00 00 
  392 000000001260 00000000cffa60  BLANK  BLANK  BLANK 0ff00 00000 00000 0ff00 00 ff 00 00 00 00 00 ff ff 00 00 00 
  393 00000000126c 00000000cffa6c  BLANK  BLANK  BLANK 0ff00 00000 00000 0ff00 00 ff 00 00 00 00 00 ff ff 00 00 00 
  394 000000001278 00000000cffa78  BLANK  BLANK  BLANK 0ff00 00000 00000 0ff00 00 ff 00 00 00 00 00 ff ff 00 00 00 
  395 000000001284 00000000cffa84  BLANK  BLANK  BLANK 0ff00 00000 00000 0ff00 00 ff 00 00 00 00 00 ff ff 00 00 00 
  396 000000001290 00000000cffa90  BLANK  BLANK  BLANK 0ff00 00000 00000 0ff00 00 ff 00 00 00 00 00 ff ff 00 00 00 
  397 00000000129c 00000000cffa9c  BLANK  BLANK  BLANK 0ff00 00000 00000 0ff00 00 ff 00 00 00 00 00 ff ff 00 00 00 
  398 0000000012a8 00000000cffaa8  BLANK  BLANK  BLANK 0ff00 00000 00000 0ff00 00 ff 00 00 00 00 00 ff ff 00 00 00 
  399 0000000012b4 00000000cffab4  BLANK  BLANK  BLANK 0ff00 00000 00000 0ff00 00 ff 00 00 00 00 00 ff ff 00 00 00 
  400 0000000012c0 00000000cffac0  BLANK  BLANK  BLANK 0ff00 00000 00000 0ff00 00 ff 00 00 00 00 00 ff ff 00 00 00 
  401 0000000012cc 00000000cffacc  BLANK  BLANK  BLANK 0ff00 00000 00000 0ff00 00 ff 00 00 00 00 00 ff ff 00 00 00 
  402 0000000012d8 00000000cffad8  BLANK  BLANK  BLANK 0ff00 00000 00000 0ff00 00 ff 00 00 00 00 00 ff ff 00 00 00 
  403 0000000012e4 00000000cffae4  BLANK  BLANK  BLANK 0ff00 00000 00000 0ff00 00 ff 00 00 00 00 00 ff ff 00 00 00 
  404 0000000012f0 00000000cffaf0  BLANK  BLANK  BLANK 0ff00 00000 00000 0ff00 00 ff 00 00 00 00 00 ff ff 00 00 00 
  405 0000000012fc 00000000cffafc  BLANK  BLANK  BLANK 0ff00 00000 00000 0ff00 00 ff 00 00 00 00 00 ff ff 00 00 00 
  406 000000001308 00000000cffb08  BLANK  BLANK  BLANK 0ff00 00000 00000 0ff00 00 ff 00 00 00 00 00 ff ff 00 00 00 
  407 000000001314 00000000cffb14  BLANK  BLANK  BLANK 0ff00 00000 00000 0ff00 00 ff 00 00 00 00 00 ff ff 00 00 00 
  408 000000001320 00000000cffb20  BLANK  BLANK  BLANK 0ff00 00000 00000 0ff00 00 ff 00 00 00 00 00 ff ff 00 00 00 
  409 00000000132c 00000000cffb2c  BLANK  BLANK  BLANK 0ff00 00000 00000 0ff00 00 ff 00 00 00 00 00 ff ff 00 00 00 
  410 000000001338 00000000cffb38  BLANK  BLANK  BLANK 0ff00 00000 00000 0ff00 00 ff 00 00 00 00 00 ff ff 00 00 00 
  411 000000001344 00000000cffb44  BLANK  BLANK  BLANK 0ff00 00000 00000 0ff00 00 ff 00 00 00 00 00 ff ff 00 00 00 
  412 000000001350 00000000cffb50  BLANK  BLANK  BLANK 0ff00 00000 00000 0ff00 00 ff 00 00 00 00 00 ff ff 00 00 00 
  413 00000000135c 00000000cffb5c  BLANK  BLANK  BLANK 0ff00 00000 00001 0ff00 00 ff 00 00 01 00 00 ff ff 00 00 00 
  414 000000001368 00000000cffb68  BLANK  BLANK  BLANK 0ff00 00000 00001 0ff00 00 ff 00 00 01 00 00 ff ff 00 00 00 
  415 000000001374 00000000cffb74  BLANK  BLANK  BLANK 0ff00 00000 00001 0ff00 00 ff 00 00 01 00 00 ff ff 00 00 00 
  416 000000001380 00000000cffb80  BLANK  BLANK  BLANK 0ff00 00000 00000 0ff00 00 ff 00 00 00 00 00 ff ff 00 00 00 
  417 00000000138c 00000000cffb8c  BLANK  BLANK  BLANK 0ff00 00000 00000 0ff00 00 ff 00 00 00 00 00 ff ff 00 00 00 
  418 000000001398 00000000cffb98  BLANK  BLANK  BLANK 0ff00 00000 00001 0ff00 00 ff 00 00 01 00 00 ff ff 00 00 00 
  419 0000000013a4 00000000cffba4  BLANK  BLANK  BLANK 0ff00 00000 00000 0ff00 00 ff 00 00 00 00 00 ff ff 00 00 00 
  420 0000000013b0 00000000cffbb0  BLANK  BLANK  BLANK 0ff00 00000 00000 0ff00 00 ff 00 00 00 00 00 ff ff 00 00 00 
  421 0000000013bc 00000000cffbbc  BLANK  BLANK  BLANK 0ff00 00000 00000 0ff00 00 ff 00 00 00 00 00 ff ff 00 00 00 
  422 0000000013c8 00000000cffbc8  BLANK  BLANK  BLANK 0ff00 00000 00000 0ff00 00 ff 00 00 00 00 00 ff ff 00 00 00 
  423 0000000013d4 00000000cffbd4  BLANK  BLANK  BLANK 0ff00 00000 00000 0ff00 00 ff 00 00 00 00 00 ff ff 00 00 00 
  424 0000000013e0 00000000cffbe0  BLANK  BLANK  BLANK 0ff00 00000 00000 0ff00 00 ff 00 00 00 00 00 ff ff 00 00 00 
  425 0000000013ec 00000000cffbec  BLANK  BLANK  BLANK 0ff00 00000 00000 0ff00 00 ff 00 00 00 00 00 ff ff 00 00 00 
  426 0000000013f8 00000000cffbf8  BLANK  BLANK  BLANK 0ff00 00000 00000 0ff00 00 ff 00 00 00 00 00 ff ff 00 00 00 
  427 000000001404 00000000cffc04  BLANK  BLANK  BLANK 0ff00 00000 00000 0ff00 00 ff 00 00 00 00 00 ff ff 00 00 00 
  428 000000001410 00000000cffc10  BLANK  BLANK  BLANK 0ff00 00000 00000 0ff00 00 ff 00 00 00 00 00 ff ff 00 00 00 
  429 00000000141c 00000000cffc1c  BLANK  BLANK  BLANK 0ff00 00000 00000 0ff00 00 ff 00 00 00 00 00 ff ff 00 00 00 
  430 000000001428 00000000cffc28  BLANK  BLANK  BLANK 0ff00 00000 00000 0ff00 00 ff 00 00 00 00 00 ff ff 00 00 00 
  431 000000001434 00000000cffc34  BLANK  BLANK  BLANK 0ff00 00000 00000 0ff00 00 ff 00 00 00 00 00 ff ff 00 00 00 
  432 000000001440 00000000cffc40  BLANK  BLANK  BLANK 0ff00 00000 00000 0ff00 00 ff 00 00 00 00 00 ff ff 00 00 00 
  433 00000000144c 00000000cffc4c  BLANK  BLANK  BLANK 0ff00 00000 00000 0ff00 00 ff 00 00 00 00 00 ff ff 00 00 00 
  434 000000001458 00000000cffc58  BLANK  BLANK  BLANK 0ff00 00000 00000 0ff00 00 ff 00 00 00 00 00 ff ff 00 00 00 
  435 000000001464 00000000cffc64  BLANK  BLANK  BLANK 0ff00 00000 00000 0ff00 00 ff 00 00 00 00 00 ff ff 00 00 00 
  436 000000001470 00000000cffc70  BLANK  BLANK  BLANK 0ff00 00000 00000 0ff00 00 ff 00 00 00 00 00 ff ff 00 00 00 
  437 00000000147c 00000000cffc7c  BLANK  BLANK  BLANK 0ff00 00000 00000 0ff00 00 ff 00 00 00 00 00 ff ff 00 00 00 
  438 000000001488 00000000cffc88  BLANK  BLANK  BLANK 0ff00 00000 00000 0ff00 00 ff 00 00 00 00 00 ff ff 00 00 00 
  439 000000001494 00000000cffc94  BLANK  BLANK  BLANK 0ff00 00000 00000 0ff00 00 ff 00 00 00 00 00 ff ff 00 00 00 
  440 0000000014a0 00000000cffca0  BLANK  BLANK  BLANK 0ff00 00000 00000 0ff00 00 ff 00 00 00 00 00 ff ff 00 00 00 
  441 0000000014ac 00000000cffcac  BLANK  BLANK  BLANK 0ff00 00000 00000 0ff00 00 ff 00 00 00 00 00 ff ff 00 00 00 
  442 0000000014b8 00000000cffcb8  BLANK  BLANK  BLANK 0ff00 00000 00000 0ff00 00 ff 00 00 00 00 00 ff ff 00 00 00 
  443 0000000014c4 00000000cffcc4  BLANK  BLANK  BLANK 0ff00 00000 00000 0ff00 00 ff 00 00 00 00 00 ff ff 00 00 00 
  444 0000000014d0 00000000cffcd0  BLANK  BLANK  BLANK 0ff00 00000 00000 0ff00 00 ff 00 00 00 00 00 ff ff 00 00 00 
  445 0000000014dc 00000000cffcdc  BLANK  BLANK  BLANK 0ff00 00000 00000 0ff00 00 ff 00 00 00 00 00 ff ff 00 00 00 
  446 0000000014e8 00000000cffce8  BLANK  BLANK  BLANK 0ff00 00000 00000 0ff00 00 ff 00 00 00 00 00 ff ff 00 00 00 
  447 0000000014f4 00000000cffcf4  BLANK  BLANK  BLANK 0ff00 00000 00000 0ff00 00 ff 00 00 00 00 00 ff ff 00 00 00 
  448 000000001500 00000000cffd00  BLANK  BLANK  BLANK 0ff00 00000 00000 0ff00 00 ff 00 00 00 00 00 ff ff 00 00 00 
  449 00000000150c 00000000cffd0c  BLANK  BLANK  BLANK 0ff00 00000 00000 0ff00 00 ff 00 00 00 00 00 ff ff 00 00 00 
  450 000000001518 00000000cffd18  BLANK  BLANK  BLANK 0ff00 00000 00000 0ff00 00 ff 00 00 00 00 00 ff ff 00 00 00 
  451 000000001524 00000000cffd24  BLANK  BLANK  BLANK 0ff00 00000 00000 0ff00 00 ff 00 00 00 00 00 ff ff 00 00 00 
  452 000000001530 00000000cffd30  BLANK  BLANK  BLANK 0ff00 00000 00000 0ff00 00 ff 00 00 00 00 00 ff ff 00 00 00 
  453 00000000153c 00000000cffd3c  BLANK  BLANK  BLANK 0ff00 00000 00000 0ff00 00 ff 00 00 00 00 00 ff ff 00 00 00 
  454 000000001548 00000000cffd48  BLANK  BLANK  BLANK 0ff00 00000 00000 0ff00 00 ff 00 00 00 00 00 ff ff 00 00 00 
  455 000000001554 00000000cffd54  BLANK  BLANK  BLANK 0ff00 00000 00000 0ff00 00 ff 00 00 00 00 00 ff ff 00 00 00 
  456 000000001560 00000000cffd60  BLANK  BLANK  BLANK 0ff00 00000 00000 0ff00 00 ff 00 00 00 00 00 ff ff 00 00 00 
  457 00000000156c 00000000cffd6c  BLANK  BLANK  BLANK 0ff00 00000 00000 0ff00 00 ff 00 00 00 00 00 ff ff 00 00 00 
  458 000000001578 00000000cffd78  BLANK  BLANK  BLANK 0ff00 00000 00000 0ff00 00 ff 00 00 00 00 00 ff ff 00 00 00 
  459 000000001584 00000000cffd84  BLANK  BLANK  BLANK 0ff00 00000 00000 0ff00 00 ff 00 00 00 00 00 ff ff 00 00 00 
  460 000000001590 00000000cffd90  BLANK  BLANK  BLANK 0ff00 00000 00000 0ff00 00 ff 00 00 00 00 00 ff ff 00 00 00 
  461 00000000159c 00000000cffd9c  BLANK  BLANK  BLANK 0ff00 00000 00000 0ff00 00 ff 00 00 00 00 00 ff ff 00 00 00 
  462 0000000015a8 00000000cffda8  BLANK  BLANK  BLANK 0ff00 00000 00000 0ff00 00 ff 00 00 00 00 00 ff ff 00 00 00 
  463 0000000015b4 00000000cffdb4  BLANK  BLANK  BLANK 0ff00 00000 00000 0ff00 00 ff 00 00 00 00 00 ff ff 00 00 00 
  464 0000000015c0 00000000cffdc0  BLANK  BLANK  BLANK 0ff00 00000 00000 0ff00 00 ff 00 00 00 00 00 ff ff 00 00 00 
  465 0000000015cc 00000000cffdcc  BLANK  BLANK  BLANK 0ff00 00000 00000 0ff00 00 ff 00 00 00 00 00 ff ff 00 00 00 
  466 0000000015d8 00000000cffdd8  BLANK  BLANK  BLANK 0ff00 00000 00000 0ff00 00 ff 00 00 00 00 00 ff ff 00 00 00 
  467 0000000015e4 00000000cffde4  BLANK  BLANK  BLANK 0ff00 00000 00000 0ff00 00 ff 00 00 00 00 00 ff ff 00 00 00 
  468 0000000015f0 00000000cffdf0  BLANK  BLANK  BLANK 0ff00 00000 00000 0ff00 00 ff 00 00 00 00 00 ff ff 00 00 00 
  469 0000000015fc 00000000cffdfc  BLANK  BLANK  BLANK 0ff00 00000 00000 0ff00 00 ff 00 00 00 00 00 ff ff 00 00 00 
  470 000000001608 00000000cffe08  BLANK  BLANK  BLANK 0ff00 00000 00000 0ff00 00 ff 00 00 00 00 00 ff ff 00 00 00 
  471 000000001614 00000000cffe14  BLANK  BLANK  BLANK 0ff00 00000 00000 0ff00 00 ff 00 00 00 00 00 ff ff 00 00 00 
  472 000000001620 00000000cffe20  BLANK  BLANK  BLANK 0ff00 00000 00000 0ff00 00 ff 00 00 00 00 00 ff ff 00 00 00 
  473 00000000162c 00000000cffe2c  BLANK  BLANK  BLANK 0ff00 00000 00000 0ff00 00 ff 00 00 00 00 00 ff ff 00 00 00 
  474 000000001638 00000000cffe38  BLANK  BLANK  BLANK 0ff00 00000 00000 0ff00 00 ff 00 00 00 00 00 ff ff 00 00 00 
  475 000000001644 00000000cffe44  BLANK  BLANK  BLANK 0ff00 00000 00000 0ff00 00 ff 00 00 00 00 00 ff ff 00 00 00 
  476 000000001650 00000000cffe50  BLANK  BLANK  BLANK 0ff00 00000 00000 0ff00 00 ff 00 00 00 00 00 ff ff 00 00 00 
  477 00000000165c 00000000cffe5c  BLANK  BLANK  BLANK 0ff00 00000 00000 0ff00 00 ff 00 00 00 00 00 ff ff 00 00 00 
  478 000000001668 00000000cffe68  BLANK  BLANK  BLANK 0ff00 00000 00000 0ff00 00 ff 00 00 00 00 00 ff ff 00 00 00 
  479 000000001674 00000000cffe74  BLANK  BLANK  BLANK 0ff00 00000 00000 0ff00 00 ff 00 00 00 00 00 ff ff 00 00 00 
  480 000000001680 00000000cffe80  BLANK  BLANK  BLANK 0ff00 00000 00000 0ff00 00 ff 00 00 00 00 00 ff ff 00 00 00 
  481 00000000168c 00000000cffe8c  BLANK  BLANK  BLANK 0ff00 00000 00000 0ff00 00 ff 00 00 00 00 00 ff ff 00 00 00 
  482 000000001698 00000000cffe98  BLANK  BLANK  BLANK 0ff00 00000 00000 0ff00 00 ff 00 00 00 00 00 ff ff 00 00 00 
  483 0000000016a4 00000000cffea4  BLANK  BLANK  BLANK 0ff00 00000 00000 0ff00 00 ff 00 00 00 00 00 ff ff 00 00 00 
  484 0000000016b0 00000000cffeb0  BLANK  BLANK  BLANK 0ff00 00000 00000 0ff00 00 ff 00 00 00 00 00 ff ff 00 00 00 
  485 0000000016bc 00000000cffebc  BLANK  BLANK  BLANK 0ff00 00000 00000 0ff00 00 ff 00 00 00 00 00 ff ff 00 00 00 
  486 0000000016c8 00000000cffec8  BLANK  BLANK  BLANK 0ff00 00000 00000 0ff00 00 ff 00 00 00 00 00 ff ff 00 00 00 
  487 0000000016d4 00000000cffed4  BLANK  BLANK  BLANK 0ff00 00000 00000 0ff00 00 ff 00 00 00 00 00 ff ff 00 00 00 
  488 0000000016e0 00000000cffee0  BLANK  BLANK  BLANK 0ff00 00000 00000 0ff00 00 ff 00 00 00 00 00 ff ff 00 00 00 
  489 0000000016ec 00000000cffeec  BLANK  BLANK  BLANK 0ff00 00000 00000 0ff00 00 ff 00 00 00 00 00 ff ff 00 00 00 
  490 0000000016f8 00000000cffef8  BLANK  BLANK  BLANK 0ff00 00000 00000 0ff00 00 ff 00 00 00 00 00 ff ff 00 00 00 
  491 000000001704 00000000cfff04  BLANK  BLANK  BLANK 0ff00 00000 00000 0ff00 00 ff 00 00 00 00 00 ff ff 00 00 00 
  492 000000001710 00000000cfff10  BLANK  BLANK  BLANK 0ff00 00000 00000 0ff00 00 ff 00 00 00 00 00 ff ff 00 00 00 
  493 00000000171c 00000000cfff1c  BLANK  BLANK  BLANK 0ff00 00000 00000 0ff00 00 ff 00 00 00 00 00 ff ff 00 00 00 
  494 000000001728 00000000cfff28  BLANK  BLANK  BLANK 0ff00 00000 00000 0ff00 00 ff 00 00 00 00 00 ff ff 00 00 00 
  495 000000001734 00000000cfff34  BLANK  BLANK  BLANK 0ff00 00000 00000 0ff00 00 ff 00 00 00 00 00 ff ff 00 00 00 
  496 000000001740 00000000cfff40  BLANK  BLANK  BLANK 0ff00 00000 00000 0ff00 00 ff 00 00 00 00 00 ff ff 00 00 00 
  497 00000000174c 00000000cfff4c  BLANK  BLANK  BLANK 0ff00 00000 00000 0ff00 00 ff 00 00 00 00 00 ff ff 00 00 00 
  498 000000001758 00000000cfff58  BLANK  BLANK  BLANK 0ff00 00000 00000 0ff00 00 ff 00 00 00 00 00 ff ff 00 00 00 
  499 000000001764 00000000cfff64  BLANK  BLANK  BLANK 0ff00 00000 00000 0ff00 00 ff 00 00 00 00 00 ff ff 00 00 00 
  500 000000001770 00000000cfff70  BLANK  BLANK  BLANK 0ff00 00000 00000 0ff00 00 ff 00 00 00 00 00 ff ff 00 00 00 
  501 00000000177c 00000000cfff7c  BLANK  BLANK  BLANK 0ff00 00000 00000 0ff00 00 ff 00 00 00 00 00 ff ff 00 00 00 
  502 000000001788 00000000cfff88  BLANK  BLANK  BLANK 0ff00 00000 00000 0ff00 00 ff 00 00 00 00 00 ff ff 00 00 00 
  503 000000001794 00000000cfff94  BLANK  BLANK  BLANK 0ff00 00000 00000 0ff00 00 ff 00 00 00 00 00 ff ff 00 00 00 
  504 0000000017a0 00000000cfffa0  BLANK  BLANK  BLANK 0ff00 00000 00000 0ff00 00 ff 00 00 00 00 00 ff ff 00 00 00 
  505 0000000017ac 00000000cfffac  BLANK  BLANK  BLANK 0ff00 00000 00000 0ff00 00 ff 00 00 00 00 00 ff ff 00 00 00 
  506 0000000017b8 00000000cfffb8  BLANK  BLANK  BLANK 0ff00 00000 00000 0ff00 00 ff 00 00 00 00 00 ff ff 00 00 00 
  507 0000000017c4 00000000cfffc4  BLANK  BLANK  BLANK 0ff00 00000 00000 0ff00 00 ff 00 00 00 00 00 ff ff 00 00 00 
  508 0000000017d0 00000000cfffd0  BLANK  BLANK  BLANK 0ff00 00000 00000 0ff00 00 ff 00 00 00 00 00 ff ff 00 00 00 
  509 0000000017dc 00000000cfffdc  BLANK  BLANK  BLANK 0ff00 00000 00000 0ff00 00 ff 00 00 00 00 00 ff ff 00 00 00 
  510 0000000017e8 00000000cfffe8  BLANK  BLANK  BLANK 0ff00 00000 00000 0ff00 00 ff 00 00 00 00 00 ff ff 00 00 00 
  511 0000000017f4 00000000cffff4  BLANK  BLANK  BLANK 0ff00 00000 00000 0ff00 00 ff 00 00 00 00 00 ff ff 00 00 00 

========================================================================================================================
Summary for earth_world_poisonous_cavern:
  Total tiles: 512
  Non-blank tiles: 387
  Blank tiles: 125
