Area: fire_world_phoenix_cave
Index: 15
========================================================================================================================

Tile Format (12 bytes = 0x0C):
  Offset 0x00-0x01: x position (UInt16)
  Offset 0x02-0x03: y position (UInt16)
  Offset 0x04-0x05: z position (UInt16)
  Offset 0x06-0x07: rotation_z (UInt16)
  Offset 0x08: tileX (UInt8) - blank if 0xFF
  Offset 0x09: tileY (UInt8)
  Offset 0x0A: tileZ (UInt8)
  Offset 0x0B: unknown (UInt8)
========================================================================================================================

Index OffsetInFile AbsoluteOffset TileX TileY TileZ PosX  PosY  PosZ  RotZ  RawBytes (hex)
------------------------------------------------------------------------------------------------------------------------
    0 000000000000 000000001b0000 00042 00040 00042 00000 00000 0a701 000a7 00 00 00 00 01 a7 a7 00 42 40 42 80 
    1 00000000000c 000000001b000c 00041 00040 00042 00001 00000 00000 00081 01 00 00 00 00 00 81 00 41 40 42 80 
    2 000000000018 000000001b0018 00041 00040 00043 0ff02 00000 00000 0ff00 02 ff 00 00 00 00 00 ff 41 40 43 80 
    3 000000000024 000000001b0024 00040 00040 00042 00003 00100 00001 00081 03 00 00 01 01 00 81 00 40 40 42 80 
    4 000000000030 000000001b0030 0003f 00040 00042 00004 00000 00001 00081 04 00 00 00 01 00 81 00 3f 40 42 80 
    5 00000000003c 000000001b003c 0003e 00040 00042 00005 00000 00001 00081 05 00 00 00 01 00 81 00 3e 40 42 80 
    6 000000000048 000000001b0048 0003d 00040 00042 00006 00000 00001 00081 06 00 00 00 01 00 81 00 3d 40 42 80 
    7 000000000054 000000001b0054 0003c 00040 00042 00003 00100 00001 00081 03 00 00 01 01 00 81 00 3c 40 42 80 
    8 000000000060 000000001b0060 0003b 00040 00042 00001 00000 00000 00081 01 00 00 00 00 00 81 00 3b 40 42 80 
    9 00000000006c 000000001b006c 0003b 00040 00043 0ff02 00000 00000 0ff00 02 ff 00 00 00 00 00 ff 3b 40 43 80 
   10 000000000078 000000001b0078 0003a 00040 00042 00000 00100 05901 000a7 00 00 00 01 01 59 a7 00 3a 40 42 80 
   11 000000000084 000000001b0084 00042 00040 00041 00003 00000 08101 00000 03 00 00 00 01 81 00 00 42 40 41 80 
   12 000000000090 000000001b0090 00041 00040 00041 00007 00000 0d300 000d3 07 00 00 00 00 d3 d3 00 41 40 41 80 
   13 00000000009c 000000001b009c 00040 00040 00041 00007 00000 00000 000c0 07 00 00 00 00 00 c0 00 40 40 41 80 
   14 0000000000a8 000000001b00a8 0003f 00040 00041 00008 00000 00000 000c0 08 00 00 00 00 00 c0 00 3f 40 41 80 
   15 0000000000b4 000000001b00b4 0003e 00040 00041 00009 00000 00000 000c0 09 00 00 00 00 00 c0 00 3e 40 41 80 
   16 0000000000c0 000000001b00c0 0003d 00040 00041 0000a 00000 00000 000c0 0a 00 00 00 00 00 c0 00 3d 40 41 80 
   17 0000000000cc 000000001b00cc 0003c 00040 00041 00007 00000 00000 000c0 07 00 00 00 00 00 c0 00 3c 40 41 80 
   18 0000000000d8 000000001b00d8 0003b 00040 00041 00007 00000 02d00 000d3 07 00 00 00 00 2d d3 00 3b 40 41 80 
   19 0000000000e4 000000001b00e4 0003a 00040 00041 00003 00200 07f01 00000 03 00 00 02 01 7f 00 00 3a 40 41 80 
   20 0000000000f0 000000001b00f0 00042 00040 00040 00003 00000 08101 00000 03 00 00 00 01 81 00 00 42 40 40 80 
   21 0000000000fc 000000001b00fc 00041 00040 00040 00007 00000 0c000 00000 07 00 00 00 00 c0 00 00 41 40 40 80 
   22 000000000108 000000001b0108 00040 00040 00040 00007 00000 00000 00000 07 00 00 00 00 00 00 00 40 40 40 80 
   23 000000000114 000000001b0114 0003f 00040 00040 00008 00000 00000 00000 08 00 00 00 00 00 00 00 3f 40 40 80 
   24 000000000120 000000001b0120 0003e 00040 00040 00009 00000 00000 00000 09 00 00 00 00 00 00 00 3e 40 40 80 
   25 00000000012c 000000001b012c 0003d 00040 00040 0000a 00000 00000 00000 0a 00 00 00 00 00 00 00 3d 40 40 80 
   26 000000000138 000000001b0138 0003c 00040 00040 00007 00000 00000 00000 07 00 00 00 00 00 00 00 3c 40 40 80 
   27 000000000144 000000001b0144 0003b 00040 00040 00007 00000 04000 00000 07 00 00 00 00 40 00 00 3b 40 40 80 
   28 000000000150 000000001b0150 0003a 00040 00040 00003 00200 07f01 00000 03 00 00 02 01 7f 00 00 3a 40 40 80 
   29 00000000015c 000000001b015c 00042 00040 0003f 0000b 00200 08101 00000 0b 00 00 02 01 81 00 00 42 40 3f 80 
   30 000000000168 000000001b0168 00041 00040 0003f 0000c 00000 0c000 00000 0c 00 00 00 00 c0 00 00 41 40 3f 80 
   31 000000000174 000000001b0174 00040 00040 0003f 0000d 00000 00001 00000 0d 00 00 00 01 00 00 00 40 40 3f 80 
   32 000000000180 000000001b0180 0003f 00040 0003f 0000e 00000 00000 00000 0e 00 00 00 00 00 00 00 3f 40 3f 80 
   33 00000000018c 000000001b018c 0003e 00040 0003f 0000f 00000 00000 00000 0f 00 00 00 00 00 00 00 3e 40 3f 80 
   34 000000000198 000000001b0198 0003d 00040 0003f 00010 00000 00000 00000 10 00 00 00 00 00 00 00 3d 40 3f 80 
   35 0000000001a4 000000001b01a4 0003c 00040 0003f 0000d 00000 00001 00000 0d 00 00 00 01 00 00 00 3c 40 3f 80 
   36 0000000001b0 000000001b01b0 0003b 00040 0003f 0000c 00000 04000 00000 0c 00 00 00 00 40 00 00 3b 40 3f 80 
   37 0000000001bc 000000001b01bc 0003a 00040 0003f 0000b 00000 07f01 00000 0b 00 00 00 01 7f 00 00 3a 40 3f 80 
   38 0000000001c8 000000001b01c8 00042 00040 0003d 00003 00000 08801 00028 03 00 00 00 01 88 28 00 42 40 3d 80 
   39 0000000001d4 000000001b01d4 00041 00040 0003d 00007 00000 0c000 00000 07 00 00 00 00 c0 00 00 41 40 3d 80 
   40 0000000001e0 000000001b01e0 0003b 00040 0003d 00007 00000 04000 00000 07 00 00 00 00 40 00 00 3b 40 3d 80 
   41 0000000001ec 000000001b01ec 0003a 00040 0003d 00003 00200 07801 00028 03 00 00 02 01 78 28 00 3a 40 3d 80 
   42 0000000001f8 000000001b01f8 00042 00040 0003c 00103 00000 08801 001d8 03 01 00 00 01 88 d8 01 42 40 3c 80 
   43 000000000204 000000001b0204 00041 00040 0003c 00107 00000 0c700 001e4 07 01 00 00 00 c7 e4 01 41 40 3c 80 
   44 000000000210 000000001b0210 0003b 00040 0003c 00107 00000 03900 001e4 07 01 00 00 00 39 e4 01 3b 40 3c 80 
   45 00000000021c 000000001b021c 0003a 00040 0003c 00103 00200 07801 001d8 03 01 00 02 01 78 d8 01 3a 40 3c 80 
   46 000000000228 000000001b0228 0003d 00040 0003d 00011 00000 02d00 0002d 11 00 00 00 00 2d 2d 00 3d 40 3d 80 
   47 000000000234 000000001b0234 0003e 00040 0003d 00012 00000 00000 00040 12 00 00 00 00 00 40 00 3e 40 3d 80 
   48 000000000240 000000001b0240 0003f 00040 0003d 00013 00000 0d300 0002d 13 00 00 00 00 d3 2d 00 3f 40 3d 80 
   49 00000000024c 000000001b024c 00040 00040 0003d 00014 00000 05900 00059 14 00 00 00 00 59 59 00 40 40 3d 80 
   50 000000000258 000000001b0258 0003c 00040 0003d 00015 00000 0a700 00059 15 00 00 00 00 a7 59 00 3c 40 3d 80 
   51 000000000264 000000001b0264 0003c 00040 0003c 00116 00000 0d300 001d3 16 01 00 00 00 d3 d3 01 3c 40 3c 80 
   52 000000000270 000000001b0270 0003d 00040 0003c 00117 00000 05900 001a7 17 01 00 00 00 59 a7 01 3d 40 3c 80 
   53 00000000027c 000000001b027c 0003e 00040 0003c 00118 00000 00000 00100 18 01 00 00 00 00 00 01 3e 40 3c 80 
   54 000000000288 000000001b0288 0003f 00040 0003c 00119 00000 0a700 001a7 19 01 00 00 00 a7 a7 01 3f 40 3c 80 
   55 000000000294 000000001b0294 00040 00040 0003c 0011a 00000 02d00 001d3 1a 01 00 00 00 2d d3 01 40 40 3c 80 
   56 0000000002a0 000000001b02a0 00042 00040 0003b 00103 00000 08101 00100 03 01 00 00 01 81 00 01 42 40 3b 80 
   57 0000000002ac 000000001b02ac 00041 00040 0003b 00107 00000 0c000 00100 07 01 00 00 00 c0 00 01 41 40 3b 80 
   58 0000000002b8 000000001b02b8 0003b 00040 0003b 00107 00000 04000 00100 07 01 00 00 00 40 00 01 3b 40 3b 80 
   59 0000000002c4 000000001b02c4 0003a 00040 0003b 00103 00200 07f01 00100 03 01 00 02 01 7f 00 01 3a 40 3b 80 
   60 0000000002d0 000000001b02d0 0003c 00040 0003b 0010a 00000 0d300 001d3 0a 01 00 00 00 d3 d3 01 3c 40 3b 80 
   61 0000000002dc 000000001b02dc 0003d 00040 0003b 00108 00000 00000 001c0 08 01 00 00 00 00 c0 01 3d 40 3b 80 
   62 0000000002e8 000000001b02e8 0003f 00040 0003b 0010a 00000 00000 001c0 0a 01 00 00 00 00 c0 01 3f 40 3b 80 
   63 0000000002f4 000000001b02f4 00040 00040 0003b 00108 00000 02d00 001d3 08 01 00 00 00 2d d3 01 40 40 3b 80 
   64 000000000300 000000001b0300 0003e 00040 0003b 0011b 00000 00000 001c0 1b 01 00 00 00 00 c0 01 3e 40 3b 80 
   65 00000000030c 000000001b030c 00042 00040 0003a 0010b 00200 08101 00100 0b 01 00 02 01 81 00 01 42 40 3a 80 
   66 000000000318 000000001b0318 00041 00040 0003a 0010d 00000 0c001 00100 0d 01 00 00 01 c0 00 01 41 40 3a 80 
   67 000000000324 000000001b0324 00040 00040 0003a 0010e 00000 00000 00100 0e 01 00 00 00 00 00 01 40 40 3a 80 
   68 000000000330 000000001b0330 0003f 00040 0003a 00110 00000 00000 00100 10 01 00 00 00 00 00 01 3f 40 3a 80 
   69 00000000033c 000000001b033c 0003e 00040 0003a 0010c 00000 00000 00100 0c 01 00 00 00 00 00 01 3e 40 3a 80 
   70 000000000348 000000001b0348 0003d 00040 0003a 0010e 00000 00000 00100 0e 01 00 00 00 00 00 01 3d 40 3a 80 
   71 000000000354 000000001b0354 0003c 00040 0003a 00110 00000 00000 00100 10 01 00 00 00 00 00 01 3c 40 3a 80 
   72 000000000360 000000001b0360 0003b 00040 0003a 0010c 00000 04000 00100 0c 01 00 00 00 40 00 01 3b 40 3a 80 
   73 00000000036c 000000001b036c 0003a 00040 0003a 0010b 00000 07f01 00100 0b 01 00 00 01 7f 00 01 3a 40 3a 80 
   74 000000000378 000000001b0378 00042 00040 00039 00103 00000 08101 00100 03 01 00 00 01 81 00 01 42 40 39 80 
   75 000000000384 000000001b0384 00041 00040 00039 00107 00000 0c000 00100 07 01 00 00 00 c0 00 01 41 40 39 80 
   76 000000000390 000000001b0390 0003b 00040 00039 00107 00000 04000 00100 07 01 00 00 00 40 00 01 3b 40 39 80 
   77 00000000039c 000000001b039c 0003a 00040 00039 00103 00200 07f01 00100 03 01 00 02 01 7f 00 01 3a 40 39 80 
   78 0000000003a8 000000001b03a8 0003c 00040 00039 0010a 00000 00000 00100 0a 01 00 00 00 00 00 01 3c 40 39 80 
   79 0000000003b4 000000001b03b4 0003d 00040 00039 00108 00000 00000 00100 08 01 00 00 00 00 00 01 3d 40 39 80 
   80 0000000003c0 000000001b03c0 0003f 00040 00039 0010a 00000 00000 00100 0a 01 00 00 00 00 00 01 3f 40 39 80 
   81 0000000003cc 000000001b03cc 00040 00040 00039 00108 00000 00000 00100 08 01 00 00 00 00 00 01 40 40 39 80 
   82 0000000003d8 000000001b03d8 0003e 00040 00039 00107 00000 00000 00100 07 01 00 00 00 00 00 01 3e 40 39 80 
   83 0000000003e4 000000001b03e4 00042 00040 00038 00103 00000 08101 00100 03 01 00 00 01 81 00 01 42 40 38 80 
   84 0000000003f0 000000001b03f0 00041 00040 00038 00107 00000 0c000 00100 07 01 00 00 00 c0 00 01 41 40 38 80 
   85 0000000003fc 000000001b03fc 0003b 00040 00038 00107 00000 04000 00100 07 01 00 00 00 40 00 01 3b 40 38 80 
   86 000000000408 000000001b0408 0003a 00040 00038 00103 00200 07f01 00100 03 01 00 02 01 7f 00 01 3a 40 38 80 
   87 000000000414 000000001b0414 0003c 00040 00038 0011c 00000 00000 00100 1c 01 00 00 00 00 00 01 3c 40 38 80 
   88 000000000420 000000001b0420 0003d 00040 00038 0011d 00000 00000 00100 1d 01 00 00 00 00 00 01 3d 40 38 80 
   89 00000000042c 000000001b042c 0003f 00040 00038 0011e 00000 00000 00100 1e 01 00 00 00 00 00 01 3f 40 38 80 
   90 000000000438 000000001b0438 00040 00040 00038 0011f 00000 00000 00100 1f 01 00 00 00 00 00 01 40 40 38 80 
   91 000000000444 000000001b0444 0003e 00040 00038 0011b 00000 00000 00100 1b 01 00 00 00 00 00 01 3e 40 38 80 
   92 000000000450 000000001b0450 00042 00040 00037 00103 00000 08101 00100 03 01 00 00 01 81 00 01 42 40 37 80 
   93 00000000045c 000000001b045c 00041 00040 00037 00107 00000 0c000 00100 07 01 00 00 00 c0 00 01 41 40 37 80 
   94 000000000468 000000001b0468 0003b 00040 00037 00107 00000 04000 00100 07 01 00 00 00 40 00 01 3b 40 37 80 
   95 000000000474 000000001b0474 0003a 00040 00037 00103 00200 07f01 00100 03 01 00 02 01 7f 00 01 3a 40 37 80 
   96 000000000480 000000001b0480 0003c 00040 00037 0010a 00000 00000 00100 0a 01 00 00 00 00 00 01 3c 40 37 80 
   97 00000000048c 000000001b048c 0003d 00040 00037 00108 00000 00000 00100 08 01 00 00 00 00 00 01 3d 40 37 80 
   98 000000000498 000000001b0498 0003f 00040 00037 0010a 00000 00000 00100 0a 01 00 00 00 00 00 01 3f 40 37 80 
   99 0000000004a4 000000001b04a4 00040 00040 00037 00108 00000 00000 00100 08 01 00 00 00 00 00 01 40 40 37 80 
  100 0000000004b0 000000001b04b0 0003e 00040 00037 00107 00000 00000 00100 07 01 00 00 00 00 00 01 3e 40 37 80 
  101 0000000004bc 000000001b04bc 00042 00040 00036 0010b 00200 08101 00100 0b 01 00 02 01 81 00 01 42 40 36 80 
  102 0000000004c8 000000001b04c8 00041 00040 00036 0010c 00000 0c000 00100 0c 01 00 00 00 c0 00 01 41 40 36 80 
  103 0000000004d4 000000001b04d4 00040 00040 00036 0010e 00000 00000 00100 0e 01 00 00 00 00 00 01 40 40 36 80 
  104 0000000004e0 000000001b04e0 0003f 00040 00036 00110 00000 00000 00100 10 01 00 00 00 00 00 01 3f 40 36 80 
  105 0000000004ec 000000001b04ec 0003e 00040 00036 0010d 00000 00001 00100 0d 01 00 00 01 00 00 01 3e 40 36 80 
  106 0000000004f8 000000001b04f8 0003d 00040 00036 0010e 00000 00000 00100 0e 01 00 00 00 00 00 01 3d 40 36 80 
  107 000000000504 000000001b0504 0003c 00040 00036 00110 00000 00000 00100 10 01 00 00 00 00 00 01 3c 40 36 80 
  108 000000000510 000000001b0510 0003b 00040 00036 0010d 00000 04001 00100 0d 01 00 00 01 40 00 01 3b 40 36 80 
  109 00000000051c 000000001b051c 0003a 00040 00036 0010b 00000 07f01 00100 0b 01 00 00 01 7f 00 01 3a 40 36 80 
  110 000000000528 000000001b0528 00042 00040 00035 00103 00000 08101 00100 03 01 00 00 01 81 00 01 42 40 35 80 
  111 000000000534 000000001b0534 00041 00040 00035 00107 00000 0c000 00100 07 01 00 00 00 c0 00 01 41 40 35 80 
  112 000000000540 000000001b0540 0003b 00040 00035 00107 00000 04000 00100 07 01 00 00 00 40 00 01 3b 40 35 80 
  113 00000000054c 000000001b054c 0003a 00040 00035 00103 00200 07f01 00100 03 01 00 02 01 7f 00 01 3a 40 35 80 
  114 000000000558 000000001b0558 0003c 00040 00035 0010a 00000 00000 00100 0a 01 00 00 00 00 00 01 3c 40 35 80 
  115 000000000564 000000001b0564 0003d 00040 00035 00108 00000 00000 00100 08 01 00 00 00 00 00 01 3d 40 35 80 
  116 000000000570 000000001b0570 0003f 00040 00035 0010a 00000 00000 00100 0a 01 00 00 00 00 00 01 3f 40 35 80 
  117 00000000057c 000000001b057c 00040 00040 00035 00108 00000 00000 00100 08 01 00 00 00 00 00 01 40 40 35 80 
  118 000000000588 000000001b0588 0003e 00040 00035 00107 00000 00000 00100 07 01 00 00 00 00 00 01 3e 40 35 80 
  119 000000000594 000000001b0594 00042 00040 00034 00103 00000 08101 00100 03 01 00 00 01 81 00 01 42 40 34 80 
  120 0000000005a0 000000001b05a0 00041 00040 00034 00107 00000 0c000 00100 07 01 00 00 00 c0 00 01 41 40 34 80 
  121 0000000005ac 000000001b05ac 0003b 00040 00034 00107 00000 04000 00100 07 01 00 00 00 40 00 01 3b 40 34 80 
  122 0000000005b8 000000001b05b8 0003a 00040 00034 00103 00200 07f01 00100 03 01 00 02 01 7f 00 01 3a 40 34 80 
  123 0000000005c4 000000001b05c4 0003c 00040 00034 0011e 00000 00000 00100 1e 01 00 00 00 00 00 01 3c 40 34 80 
  124 0000000005d0 000000001b05d0 0003d 00040 00034 0011f 00000 00000 00100 1f 01 00 00 00 00 00 01 3d 40 34 80 
  125 0000000005dc 000000001b05dc 0003f 00040 00034 0011c 00000 00000 00100 1c 01 00 00 00 00 00 01 3f 40 34 80 
  126 0000000005e8 000000001b05e8 00040 00040 00034 0011d 00000 00000 00100 1d 01 00 00 00 00 00 01 40 40 34 80 
  127 0000000005f4 000000001b05f4 0003e 00040 00034 0011b 00000 00000 00100 1b 01 00 00 00 00 00 01 3e 40 34 80 
  128 000000000600 000000001b0600 00042 00040 00033 00103 00000 08101 00100 03 01 00 00 01 81 00 01 42 40 33 80 
  129 00000000060c 000000001b060c 00041 00040 00033 00107 00000 0c000 00100 07 01 00 00 00 c0 00 01 41 40 33 80 
  130 000000000618 000000001b0618 0003b 00040 00033 00107 00000 04000 00100 07 01 00 00 00 40 00 01 3b 40 33 80 
  131 000000000624 000000001b0624 0003a 00040 00033 00103 00200 07f01 00100 03 01 00 02 01 7f 00 01 3a 40 33 80 
  132 000000000630 000000001b0630 0003c 00040 00033 0010a 00000 00000 00100 0a 01 00 00 00 00 00 01 3c 40 33 80 
  133 00000000063c 000000001b063c 0003d 00040 00033 00108 00000 00000 00100 08 01 00 00 00 00 00 01 3d 40 33 80 
  134 000000000648 000000001b0648 0003f 00040 00033 0010a 00000 00000 00100 0a 01 00 00 00 00 00 01 3f 40 33 80 
  135 000000000654 000000001b0654 00040 00040 00033 00108 00000 00000 00100 08 01 00 00 00 00 00 01 40 40 33 80 
  136 000000000660 000000001b0660 0003e 00040 00033 00107 00000 00000 00100 07 01 00 00 00 00 00 01 3e 40 33 80 
  137 00000000066c 000000001b066c 00042 00040 00032 0010b 00200 08101 00100 0b 01 00 02 01 81 00 01 42 40 32 80 
  138 000000000678 000000001b0678 00041 00040 00032 0010d 00000 0c001 00100 0d 01 00 00 01 c0 00 01 41 40 32 80 
  139 000000000684 000000001b0684 00040 00040 00032 0010e 00000 00000 00100 0e 01 00 00 00 00 00 01 40 40 32 80 
  140 000000000690 000000001b0690 0003f 00040 00032 00110 00000 00000 00100 10 01 00 00 00 00 00 01 3f 40 32 80 
  141 00000000069c 000000001b069c 0003e 00040 00032 0010d 00000 00001 00100 0d 01 00 00 01 00 00 01 3e 40 32 80 
  142 0000000006a8 000000001b06a8 0003d 00040 00032 0010e 00000 00000 00100 0e 01 00 00 00 00 00 01 3d 40 32 80 
  143 0000000006b4 000000001b06b4 0003c 00040 00032 00110 00000 00000 00100 10 01 00 00 00 00 00 01 3c 40 32 80 
  144 0000000006c0 000000001b06c0 0003b 00040 00032 0010c 00000 04000 00100 0c 01 00 00 00 40 00 01 3b 40 32 80 
  145 0000000006cc 000000001b06cc 0003a 00040 00032 0010b 00000 07f01 00100 0b 01 00 00 01 7f 00 01 3a 40 32 80 
  146 0000000006d8 000000001b06d8 00042 00040 00031 00103 00000 08101 00100 03 01 00 00 01 81 00 01 42 40 31 80 
  147 0000000006e4 000000001b06e4 00041 00040 00031 00107 00000 0c000 00100 07 01 00 00 00 c0 00 01 41 40 31 80 
  148 0000000006f0 000000001b06f0 0003b 00040 00031 00107 00000 04000 00100 07 01 00 00 00 40 00 01 3b 40 31 80 
  149 0000000006fc 000000001b06fc 0003a 00040 00031 00103 00200 07f01 00100 03 01 00 02 01 7f 00 01 3a 40 31 80 
  150 000000000708 000000001b0708 0003c 00040 00031 0011c 00000 0d300 0012d 1c 01 00 00 00 d3 2d 01 3c 40 31 80 
  151 000000000714 000000001b0714 0003d 00040 00031 0011d 00000 00000 00140 1d 01 00 00 00 00 40 01 3d 40 31 80 
  152 000000000720 000000001b0720 0003f 00040 00031 0010a 00000 00000 00140 0a 01 00 00 00 00 40 01 3f 40 31 80 
  153 00000000072c 000000001b072c 00040 00040 00031 00108 00000 02d00 0012d 08 01 00 00 00 2d 2d 01 40 40 31 80 
  154 000000000738 000000001b0738 0003e 00040 00031 0011b 00000 00000 00140 1b 01 00 00 00 00 40 01 3e 40 31 80 
  155 000000000744 000000001b0744 00042 00040 00030 00103 00000 08101 00100 03 01 00 00 01 81 00 01 42 40 30 80 
  156 000000000750 000000001b0750 00041 00040 00030 00107 00000 0c700 0011c 07 01 00 00 00 c7 1c 01 41 40 30 80 
  157 00000000075c 000000001b075c 0003b 00040 00030 00107 00000 03900 0011c 07 01 00 00 00 39 1c 01 3b 40 30 80 
  158 000000000768 000000001b0768 0003a 00040 00030 00103 00200 07f01 00100 03 01 00 02 01 7f 00 01 3a 40 30 80 
  159 000000000774 000000001b0774 00042 00040 0002f 00103 00000 08101 00100 03 01 00 00 01 81 00 01 42 40 2f 80 
  160 000000000780 000000001b0780 00041 00040 0002f 00107 00000 0c000 00100 07 01 00 00 00 c0 00 01 41 40 2f 80 
  161 00000000078c 000000001b078c 0003b 00040 0002f 00107 00000 04000 00100 07 01 00 00 00 40 00 01 3b 40 2f 80 
  162 000000000798 000000001b0798 0003a 00040 0002f 00103 00200 07f01 00100 03 01 00 02 01 7f 00 01 3a 40 2f 80 
  163 0000000007a4 000000001b07a4 00042 00040 0002e 00103 00000 08101 00100 03 01 00 00 01 81 00 01 42 40 2e 80 
  164 0000000007b0 000000001b07b0 00041 00040 0002e 00107 00000 0d300 0012d 07 01 00 00 00 d3 2d 01 41 40 2e 80 
  165 0000000007bc 000000001b07bc 0003b 00040 0002e 00107 00000 02d00 0012d 07 01 00 00 00 2d 2d 01 3b 40 2e 80 
  166 0000000007c8 000000001b07c8 0003a 00040 0002e 00103 00200 07f01 00100 03 01 00 02 01 7f 00 01 3a 40 2e 80 
  167 0000000007d4 000000001b07d4 0003c 00040 00030 00120 00000 0d300 0012d 20 01 00 00 00 d3 2d 01 3c 40 30 80 
  168 0000000007e0 000000001b07e0 0003d 00040 00030 00121 00000 05900 00159 21 01 00 00 00 59 59 01 3d 40 30 80 
  169 0000000007ec 000000001b07ec 0003e 00040 00030 00122 00000 00000 00100 22 01 00 00 00 00 00 01 3e 40 30 80 
  170 0000000007f8 000000001b07f8 0003f 00040 00030 00123 00000 0a700 00159 23 01 00 00 00 a7 59 01 3f 40 30 80 
  171 000000000804 000000001b0804 00040 00040 00030 00124 00000 02d00 0012d 24 01 00 00 00 2d 2d 01 40 40 30 80 
  172 000000000810 000000001b0810 0003c 00040 0002f 00125 00000 0a700 001a7 25 01 00 00 00 a7 a7 01 3c 40 2f 80 
  173 00000000081c 000000001b081c 00040 00040 0002f 00126 00000 05900 001a7 26 01 00 00 00 59 a7 01 40 40 2f 80 
  174 000000000828 000000001b0828 0003d 00040 0002f 00127 00000 02d00 001d3 27 01 00 00 00 2d d3 01 3d 40 2f 80 
  175 000000000834 000000001b0834 0003e 00040 0002f 00128 00000 00000 001c0 28 01 00 00 00 00 c0 01 3e 40 2f 80 
  176 000000000840 000000001b0840 0003f 00040 0002f 00129 00000 0d300 001d3 29 01 00 00 00 d3 d3 01 3f 40 2f 80 
  177 00000000084c 000000001b084c 0003c 00040 0002e 00107 00000 00000 00140 07 01 00 00 00 00 40 01 3c 40 2e 80 
  178 000000000858 000000001b0858 00040 00040 0002e 00107 00000 00000 00140 07 01 00 00 00 00 40 01 40 40 2e 80 
  179 000000000864 000000001b0864 0003d 00040 0002e 0011e 00000 01c00 00139 1e 01 00 00 00 1c 39 01 3d 40 2e 80 
  180 000000000870 000000001b0870 0003e 00040 0002e 0012a 00000 00000 00140 2a 01 00 00 00 00 40 01 3e 40 2e 80 
  181 00000000087c 000000001b087c 0003f 00040 0002e 0011f 00000 0e400 00139 1f 01 00 00 00 e4 39 01 3f 40 2e 80 
  182 000000000888 000000001b0888 00042 00040 0002d 00100 00300 0a701 00159 00 01 00 03 01 a7 59 01 42 40 2d 80 
  183 000000000894 000000001b0894 0003a 00040 0002d 00100 00200 05901 00159 00 01 00 02 01 59 59 01 3a 40 2d 80 
  184 0000000008a0 000000001b08a0 0003c 00040 0002d 00103 00300 00001 0017f 03 01 00 03 01 00 7f 01 3c 40 2d 80 
  185 0000000008ac 000000001b08ac 0003b 00040 0002d 00103 00300 00001 0017f 03 01 00 03 01 00 7f 01 3b 40 2d 80 
  186 0000000008b8 000000001b08b8 00040 00040 0002d 00103 00300 00001 0017f 03 01 00 03 01 00 7f 01 40 40 2d 80 
  187 0000000008c4 000000001b08c4 00041 00040 0002d 00103 00300 00001 0017f 03 01 00 03 01 00 7f 01 41 40 2d 80 
  188 0000000008d0 000000001b08d0 0003d 00040 0002d 0012b 00000 00001 0017f 2b 01 00 00 01 00 7f 01 3d 40 2d 80 
  189 0000000008dc 000000001b08dc 0003e 00040 0002d 0012c 00000 00001 0017f 2c 01 00 00 01 00 7f 01 3e 40 2d 80 
  190 0000000008e8 000000001b08e8 0003f 00040 0002d 0012d 00000 00001 0017f 2d 01 00 00 01 00 7f 01 3f 40 2d 80 
  191 0000000008f4 000000001b08f4 00042 0003f 00042 0002e 00000 0a700 000a7 2e 00 00 00 00 a7 a7 00 42 3f 42 80 
  192 000000000900 000000001b0900 00042 0003f 00041 0002f 00000 00000 000c0 2f 00 00 00 00 00 c0 00 42 3f 41 80 
  193 00000000090c 000000001b090c 00041 0003f 00042 0002f 00100 0c000 00000 2f 00 00 01 00 c0 00 00 41 3f 42 80 
  194 000000000918 000000001b0918 00040 0003f 00042 0002f 00100 00000 00000 2f 00 00 01 00 00 00 00 40 3f 42 80 
  195 000000000924 000000001b0924 0003f 0003f 00042 0002f 00100 00000 00000 2f 00 00 01 00 00 00 00 3f 3f 42 80 
  196 000000000930 000000001b0930 0003e 0003f 00042 0002f 00100 00000 00000 2f 00 00 01 00 00 00 00 3e 3f 42 80 
  197 00000000093c 000000001b093c 0003d 0003f 00042 0002f 00100 00000 00000 2f 00 00 01 00 00 00 00 3d 3f 42 80 
  198 000000000948 000000001b0948 0003c 0003f 00042 0002f 00100 00000 00000 2f 00 00 01 00 00 00 00 3c 3f 42 80 
  199 000000000954 000000001b0954 0003b 0003f 00042 0002f 00100 04000 00000 2f 00 00 01 00 40 00 00 3b 3f 42 80 
  200 000000000960 000000001b0960 0003a 0003f 00042 0002e 00100 05900 000a7 2e 00 00 01 00 59 a7 00 3a 3f 42 80 
  201 00000000096c 000000001b096c 0003a 0003f 00041 0002f 00200 00000 000c0 2f 00 00 02 00 00 c0 00 3a 3f 41 80 
  202 000000000978 000000001b0978 00042 0003f 00040 0002f 00000 00000 00040 2f 00 00 00 00 00 40 00 42 3f 40 80 
  203 000000000984 000000001b0984 0003a 0003f 00040 0002f 00200 00000 00040 2f 00 00 02 00 00 40 00 3a 3f 40 80 
  204 000000000990 000000001b0990 00042 0003f 0003f 00030 00000 08100 00000 30 00 00 00 00 81 00 00 42 3f 3f 80 
  205 00000000099c 000000001b099c 00041 0003f 0003f 00031 00000 0c000 00000 31 00 00 00 00 c0 00 00 41 3f 3f 80 
  206 0000000009a8 000000001b09a8 00040 0003f 0003f 00031 00000 00000 00000 31 00 00 00 00 00 00 00 40 3f 3f 80 
  207 0000000009b4 000000001b09b4 0003f 0003f 0003f 00031 00000 00000 00000 31 00 00 00 00 00 00 00 3f 3f 3f 80 
  208 0000000009c0 000000001b09c0 0003e 0003f 0003f 00031 00000 00000 00000 31 00 00 00 00 00 00 00 3e 3f 3f 80 
  209 0000000009cc 000000001b09cc 0003d 0003f 0003f 00031 00000 00000 00000 31 00 00 00 00 00 00 00 3d 3f 3f 80 
  210 0000000009d8 000000001b09d8 0003c 0003f 0003f 00031 00000 00000 00000 31 00 00 00 00 00 00 00 3c 3f 3f 80 
  211 0000000009e4 000000001b09e4 0003b 0003f 0003f 00031 00000 04000 00000 31 00 00 00 00 40 00 00 3b 3f 3f 80 
  212 0000000009f0 000000001b09f0 0003a 0003f 0003f 00030 00200 07f00 00000 30 00 00 02 00 7f 00 00 3a 3f 3f 80 
  213 0000000009fc 000000001b09fc 00042 0003f 0003a 00130 00000 08100 00100 30 01 00 00 00 81 00 01 42 3f 3a 80 
  214 000000000a08 000000001b0a08 00041 0003f 0003a 00131 00000 0c000 00100 31 01 00 00 00 c0 00 01 41 3f 3a 80 
  215 000000000a14 000000001b0a14 00040 0003f 0003a 00131 00000 00000 00100 31 01 00 00 00 00 00 01 40 3f 3a 80 
  216 000000000a20 000000001b0a20 0003f 0003f 0003a 00131 00000 00000 00100 31 01 00 00 00 00 00 01 3f 3f 3a 80 
  217 000000000a2c 000000001b0a2c 0003e 0003f 0003a 00131 00000 00000 00100 31 01 00 00 00 00 00 01 3e 3f 3a 80 
  218 000000000a38 000000001b0a38 0003d 0003f 0003a 00131 00000 00000 00100 31 01 00 00 00 00 00 01 3d 3f 3a 80 
  219 000000000a44 000000001b0a44 0003c 0003f 0003a 00131 00000 00000 00100 31 01 00 00 00 00 00 01 3c 3f 3a 80 
  220 000000000a50 000000001b0a50 0003b 0003f 0003a 00131 00000 04000 00100 31 01 00 00 00 40 00 01 3b 3f 3a 80 
  221 000000000a5c 000000001b0a5c 0003a 0003f 0003a 00130 00200 07f00 00100 30 01 00 02 00 7f 00 01 3a 3f 3a 80 
  222 000000000a68 000000001b0a68 00042 0003f 00036 00130 00000 08100 00100 30 01 00 00 00 81 00 01 42 3f 36 80 
  223 000000000a74 000000001b0a74 00041 0003f 00036 00131 00000 0c000 00100 31 01 00 00 00 c0 00 01 41 3f 36 80 
  224 000000000a80 000000001b0a80 00040 0003f 00036 00131 00000 00000 00100 31 01 00 00 00 00 00 01 40 3f 36 80 
  225 000000000a8c 000000001b0a8c 0003f 0003f 00036 00131 00000 00000 00100 31 01 00 00 00 00 00 01 3f 3f 36 80 
  226 000000000a98 000000001b0a98 0003e 0003f 00036 00131 00000 00000 00100 31 01 00 00 00 00 00 01 3e 3f 36 80 
  227 000000000aa4 000000001b0aa4 0003d 0003f 00036 00131 00000 00000 00100 31 01 00 00 00 00 00 01 3d 3f 36 80 
  228 000000000ab0 000000001b0ab0 0003c 0003f 00036 00131 00000 00000 00100 31 01 00 00 00 00 00 01 3c 3f 36 80 
  229 000000000abc 000000001b0abc 0003b 0003f 00036 00131 00000 04000 00100 31 01 00 00 00 40 00 01 3b 3f 36 80 
  230 000000000ac8 000000001b0ac8 0003a 0003f 00036 00130 00200 07f00 00100 30 01 00 02 00 7f 00 01 3a 3f 36 80 
  231 000000000ad4 000000001b0ad4 00042 0003f 00032 00130 00000 08100 00100 30 01 00 00 00 81 00 01 42 3f 32 80 
  232 000000000ae0 000000001b0ae0 00041 0003f 00032 00131 00000 0c000 00100 31 01 00 00 00 c0 00 01 41 3f 32 80 
  233 000000000aec 000000001b0aec 00040 0003f 00032 00131 00000 00000 00100 31 01 00 00 00 00 00 01 40 3f 32 80 
  234 000000000af8 000000001b0af8 0003f 0003f 00032 00131 00000 00000 00100 31 01 00 00 00 00 00 01 3f 3f 32 80 
  235 000000000b04 000000001b0b04 0003e 0003f 00032 00131 00000 00000 00100 31 01 00 00 00 00 00 01 3e 3f 32 80 
  236 000000000b10 000000001b0b10 0003d 0003f 00032 00131 00000 00000 00100 31 01 00 00 00 00 00 01 3d 3f 32 80 
  237 000000000b1c 000000001b0b1c 0003c 0003f 00032 00131 00000 00000 00100 31 01 00 00 00 00 00 01 3c 3f 32 80 
  238 000000000b28 000000001b0b28 0003b 0003f 00032 00131 00000 04000 00100 31 01 00 00 00 40 00 01 3b 3f 32 80 
  239 000000000b34 000000001b0b34 0003a 0003f 00032 00130 00200 07f00 00100 30 01 00 02 00 7f 00 01 3a 3f 32 80 
  240 000000000b40 000000001b0b40 00042 0003f 0003c 0012f 00000 00000 00181 2f 01 00 00 00 00 81 01 42 3f 3c 80 
  241 000000000b4c 000000001b0b4c 0003a 0003f 0003c 0012f 00200 00000 00181 2f 01 00 02 00 00 81 01 3a 3f 3c 80 
  242 000000000b58 000000001b0b58 00042 0003f 0003b 0012f 00000 00000 00100 2f 01 00 00 00 00 00 01 42 3f 3b 80 
  243 000000000b64 000000001b0b64 0003a 0003f 0003b 0012f 00200 00000 00100 2f 01 00 02 00 00 00 01 3a 3f 3b 80 
  244 000000000b70 000000001b0b70 00042 0003f 0003d 0002f 00000 00000 0007f 2f 00 00 00 00 00 7f 00 42 3f 3d 80 
  245 000000000b7c 000000001b0b7c 0003a 0003f 0003d 0002f 00200 00000 0007f 2f 00 00 02 00 00 7f 00 3a 3f 3d 80 
  246 000000000b88 000000001b0b88 00042 0003f 00038 0012f 00000 00000 00100 2f 01 00 00 00 00 00 01 42 3f 38 80 
  247 000000000b94 000000001b0b94 0003a 0003f 00038 0012f 00200 00000 00100 2f 01 00 02 00 00 00 01 3a 3f 38 80 
  248 000000000ba0 000000001b0ba0 00042 0003f 00037 0012f 00000 00000 00140 2f 01 00 00 00 00 40 01 42 3f 37 80 
  249 000000000bac 000000001b0bac 0003a 0003f 00037 0012f 00200 00000 00140 2f 01 00 02 00 00 40 01 3a 3f 37 80 
  250 000000000bb8 000000001b0bb8 00042 0003f 00039 0012f 00000 00000 001c0 2f 01 00 00 00 00 c0 01 42 3f 39 80 
  251 000000000bc4 000000001b0bc4 0003a 0003f 00039 0012f 00200 00000 001c0 2f 01 00 02 00 00 c0 01 3a 3f 39 80 
  252 000000000bd0 000000001b0bd0 00042 0003f 00034 0012f 00000 00000 00100 2f 01 00 00 00 00 00 01 42 3f 34 80 
  253 000000000bdc 000000001b0bdc 0003a 0003f 00034 0012f 00200 00000 00100 2f 01 00 02 00 00 00 01 3a 3f 34 80 
  254 000000000be8 000000001b0be8 00042 0003f 00033 0012f 00000 00000 00140 2f 01 00 00 00 00 40 01 42 3f 33 80 
  255 000000000bf4 000000001b0bf4 0003a 0003f 00033 0012f 00200 00000 00140 2f 01 00 02 00 00 40 01 3a 3f 33 80 
  256 000000000c00 000000001b0c00 00042 0003f 00035 0012f 00000 00000 001c0 2f 01 00 00 00 00 c0 01 42 3f 35 80 
  257 000000000c0c 000000001b0c0c 0003a 0003f 00035 0012f 00200 00000 001c0 2f 01 00 02 00 00 c0 01 3a 3f 35 80 
  258 000000000c18 000000001b0c18 00042 0003f 00030 0012f 00000 00000 00100 2f 01 00 00 00 00 00 01 42 3f 30 80 
  259 000000000c24 000000001b0c24 0003a 0003f 00030 0012f 00200 00000 00100 2f 01 00 02 00 00 00 01 3a 3f 30 80 
  260 000000000c30 000000001b0c30 00042 0003f 0002f 0012f 00000 00000 00100 2f 01 00 00 00 00 00 01 42 3f 2f 80 
  261 000000000c3c 000000001b0c3c 0003a 0003f 0002f 0012f 00200 00000 00100 2f 01 00 02 00 00 00 01 3a 3f 2f 80 
  262 000000000c48 000000001b0c48 00042 0003f 00031 0012f 00000 00000 001c0 2f 01 00 00 00 00 c0 01 42 3f 31 80 
  263 000000000c54 000000001b0c54 0003a 0003f 00031 0012f 00200 00000 001c0 2f 01 00 02 00 00 c0 01 3a 3f 31 80 
  264 000000000c60 000000001b0c60 00042 0003f 0002e 0012f 00000 00000 00140 2f 01 00 00 00 00 40 01 42 3f 2e 80 
  265 000000000c6c 000000001b0c6c 0003a 0003f 0002e 0012f 00200 00000 00140 2f 01 00 02 00 00 40 01 3a 3f 2e 80 
  266 000000000c78 000000001b0c78 00042 0003f 0002d 0012e 00300 0a700 00159 2e 01 00 03 00 a7 59 01 42 3f 2d 80 
  267 000000000c84 000000001b0c84 0003a 0003f 0002d 0012e 00200 05900 00159 2e 01 00 02 00 59 59 01 3a 3f 2d 80 
  268 000000000c90 000000001b0c90 00042 0003e 00042 00032 00000 0a700 000a7 32 00 00 00 00 a7 a7 00 42 3e 42 80 
  269 000000000c9c 000000001b0c9c 00042 0003e 00041 00033 00000 08100 00000 33 00 00 00 00 81 00 00 42 3e 41 80 
  270 000000000ca8 000000001b0ca8 00041 0003e 00042 00033 00100 00000 00081 33 00 00 01 00 00 81 00 41 3e 42 80 
  271 000000000cb4 000000001b0cb4 00040 0003e 00042 00033 00100 00000 00081 33 00 00 01 00 00 81 00 40 3e 42 80 
  272 000000000cc0 000000001b0cc0 0003f 0003e 00042 00033 00100 00000 00081 33 00 00 01 00 00 81 00 3f 3e 42 80 
  273 000000000ccc 000000001b0ccc 0003e 0003e 00042 00033 00100 00000 00081 33 00 00 01 00 00 81 00 3e 3e 42 80 
  274 000000000cd8 000000001b0cd8 0003d 0003e 00042 00033 00100 00000 00081 33 00 00 01 00 00 81 00 3d 3e 42 80 
  275 000000000ce4 000000001b0ce4 0003c 0003e 00042 00033 00100 00000 00081 33 00 00 01 00 00 81 00 3c 3e 42 80 
  276 000000000cf0 000000001b0cf0 0003b 0003e 00042 00033 00100 00000 00081 33 00 00 01 00 00 81 00 3b 3e 42 80 
  277 000000000cfc 000000001b0cfc 0003a 0003e 00042 00032 00100 05900 000a7 32 00 00 01 00 59 a7 00 3a 3e 42 80 
  278 000000000d08 000000001b0d08 0003a 0003e 00041 00033 00200 07f00 00000 33 00 00 02 00 7f 00 00 3a 3e 41 80 
  279 000000000d14 000000001b0d14 00042 0003e 00040 00033 00000 08100 00000 33 00 00 00 00 81 00 00 42 3e 40 80 
  280 000000000d20 000000001b0d20 0003a 0003e 00040 00033 00200 07f00 00000 33 00 00 02 00 7f 00 00 3a 3e 40 80 
  281 000000000d2c 000000001b0d2c 00042 0003e 0003f 00034 00000 08100 00000 34 00 00 00 00 81 00 00 42 3e 3f 80 
  282 000000000d38 000000001b0d38 00041 0003e 0003f 00035 00000 0c000 00000 35 00 00 00 00 c0 00 00 41 3e 3f 80 
  283 000000000d44 000000001b0d44 00040 0003e 0003f 00035 00000 00000 00000 35 00 00 00 00 00 00 00 40 3e 3f 80 
  284 000000000d50 000000001b0d50 0003f 0003e 0003f 00035 00000 00000 00000 35 00 00 00 00 00 00 00 3f 3e 3f 80 
  285 000000000d5c 000000001b0d5c 0003e 0003e 0003f 00035 00000 00000 00000 35 00 00 00 00 00 00 00 3e 3e 3f 80 
  286 000000000d68 000000001b0d68 0003d 0003e 0003f 00035 00000 00000 00000 35 00 00 00 00 00 00 00 3d 3e 3f 80 
  287 000000000d74 000000001b0d74 0003c 0003e 0003f 00035 00000 00000 00000 35 00 00 00 00 00 00 00 3c 3e 3f 80 
  288 000000000d80 000000001b0d80 0003b 0003e 0003f 00035 00000 04000 00000 35 00 00 00 00 40 00 00 3b 3e 3f 80 
  289 000000000d8c 000000001b0d8c 0003a 0003e 0003f 00034 00200 07f00 00000 34 00 00 02 00 7f 00 00 3a 3e 3f 80 
  290 000000000d98 000000001b0d98 00042 0003e 0003a 00134 00000 08100 00100 34 01 00 00 00 81 00 01 42 3e 3a 80 
  291 000000000da4 000000001b0da4 00041 0003e 0003a 00135 00000 0c000 00100 35 01 00 00 00 c0 00 01 41 3e 3a 80 
  292 000000000db0 000000001b0db0 00040 0003e 0003a 00135 00000 00000 00100 35 01 00 00 00 00 00 01 40 3e 3a 80 
  293 000000000dbc 000000001b0dbc 0003f 0003e 0003a 00135 00000 00000 00100 35 01 00 00 00 00 00 01 3f 3e 3a 80 
  294 000000000dc8 000000001b0dc8 0003e 0003e 0003a 00135 00000 00000 00100 35 01 00 00 00 00 00 01 3e 3e 3a 80 
  295 000000000dd4 000000001b0dd4 0003d 0003e 0003a 00135 00000 00000 00100 35 01 00 00 00 00 00 01 3d 3e 3a 80 
  296 000000000de0 000000001b0de0 0003c 0003e 0003a 00135 00000 00000 00100 35 01 00 00 00 00 00 01 3c 3e 3a 80 
  297 000000000dec 000000001b0dec 0003b 0003e 0003a 00135 00000 04000 00100 35 01 00 00 00 40 00 01 3b 3e 3a 80 
  298 000000000df8 000000001b0df8 0003a 0003e 0003a 00134 00200 07f00 00100 34 01 00 02 00 7f 00 01 3a 3e 3a 80 
  299 000000000e04 000000001b0e04 00042 0003e 00036 00134 00000 08100 00100 34 01 00 00 00 81 00 01 42 3e 36 80 
  300 000000000e10 000000001b0e10 00041 0003e 00036 00135 00000 0c000 00100 35 01 00 00 00 c0 00 01 41 3e 36 80 
  301 000000000e1c 000000001b0e1c 00040 0003e 00036 00135 00000 00000 00100 35 01 00 00 00 00 00 01 40 3e 36 80 
  302 000000000e28 000000001b0e28 0003f 0003e 00036 00135 00000 00000 00100 35 01 00 00 00 00 00 01 3f 3e 36 80 
  303 000000000e34 000000001b0e34 0003e 0003e 00036 00135 00000 00000 00100 35 01 00 00 00 00 00 01 3e 3e 36 80 
  304 000000000e40 000000001b0e40 0003d 0003e 00036 00135 00000 00000 00100 35 01 00 00 00 00 00 01 3d 3e 36 80 
  305 000000000e4c 000000001b0e4c 0003c 0003e 00036 00135 00000 00000 00100 35 01 00 00 00 00 00 01 3c 3e 36 80 
  306 000000000e58 000000001b0e58 0003b 0003e 00036 00135 00000 04000 00100 35 01 00 00 00 40 00 01 3b 3e 36 80 
  307 000000000e64 000000001b0e64 0003a 0003e 00036 00134 00200 07f00 00100 34 01 00 02 00 7f 00 01 3a 3e 36 80 
  308 000000000e70 000000001b0e70 00042 0003e 00032 00134 00000 08100 00100 34 01 00 00 00 81 00 01 42 3e 32 80 
  309 000000000e7c 000000001b0e7c 00041 0003e 00032 00135 00000 0c000 00100 35 01 00 00 00 c0 00 01 41 3e 32 80 
  310 000000000e88 000000001b0e88 00040 0003e 00032 00135 00000 00000 00100 35 01 00 00 00 00 00 01 40 3e 32 80 
  311 000000000e94 000000001b0e94 0003f 0003e 00032 00135 00000 00000 00100 35 01 00 00 00 00 00 01 3f 3e 32 80 
  312 000000000ea0 000000001b0ea0 0003e 0003e 00032 00135 00000 00000 00100 35 01 00 00 00 00 00 01 3e 3e 32 80 
  313 000000000eac 000000001b0eac 0003d 0003e 00032 00135 00000 00000 00100 35 01 00 00 00 00 00 01 3d 3e 32 80 
  314 000000000eb8 000000001b0eb8 0003c 0003e 00032 00135 00000 00000 00100 35 01 00 00 00 00 00 01 3c 3e 32 80 
  315 000000000ec4 000000001b0ec4 0003b 0003e 00032 00135 00000 04000 00100 35 01 00 00 00 40 00 01 3b 3e 32 80 
  316 000000000ed0 000000001b0ed0 0003a 0003e 00032 00134 00200 07f00 00100 34 01 00 02 00 7f 00 01 3a 3e 32 80 
  317 000000000edc 000000001b0edc 00042 0003e 0003c 00133 00000 08800 001d8 33 01 00 00 00 88 d8 01 42 3e 3c 80 
  318 000000000ee8 000000001b0ee8 0003a 0003e 0003c 00133 00200 07800 001d8 33 01 00 02 00 78 d8 01 3a 3e 3c 80 
  319 000000000ef4 000000001b0ef4 00042 0003e 0003b 00133 00000 08100 00100 33 01 00 00 00 81 00 01 42 3e 3b 80 
  320 000000000f00 000000001b0f00 0003a 0003e 0003b 00133 00200 07f00 00100 33 01 00 02 00 7f 00 01 3a 3e 3b 80 
  321 000000000f0c 000000001b0f0c 00042 0003e 0003d 00033 00000 08800 00028 33 00 00 00 00 88 28 00 42 3e 3d 80 
  322 000000000f18 000000001b0f18 0003a 0003e 0003d 00033 00200 07800 00028 33 00 00 02 00 78 28 00 3a 3e 3d 80 
  323 000000000f24 000000001b0f24 00042 0003e 00038 00133 00000 08100 00100 33 01 00 00 00 81 00 01 42 3e 38 80 
  324 000000000f30 000000001b0f30 0003a 0003e 00038 00133 00200 07f00 00100 33 01 00 02 00 7f 00 01 3a 3e 38 80 
  325 000000000f3c 000000001b0f3c 00042 0003e 00037 00133 00000 08100 00100 33 01 00 00 00 81 00 01 42 3e 37 80 
  326 000000000f48 000000001b0f48 0003a 0003e 00037 00133 00200 07f00 00100 33 01 00 02 00 7f 00 01 3a 3e 37 80 
  327 000000000f54 000000001b0f54 00042 0003e 00039 00133 00000 08100 00100 33 01 00 00 00 81 00 01 42 3e 39 80 
  328 000000000f60 000000001b0f60 0003a 0003e 00039 00133 00200 07f00 00100 33 01 00 02 00 7f 00 01 3a 3e 39 80 
  329 000000000f6c 000000001b0f6c 00042 0003e 00034 00133 00000 08100 00100 33 01 00 00 00 81 00 01 42 3e 34 80 
  330 000000000f78 000000001b0f78 0003a 0003e 00034 00133 00200 07f00 00100 33 01 00 02 00 7f 00 01 3a 3e 34 80 
  331 000000000f84 000000001b0f84 00042 0003e 00033 00133 00000 08100 00100 33 01 00 00 00 81 00 01 42 3e 33 80 
  332 000000000f90 000000001b0f90 0003a 0003e 00033 00133 00200 07f00 00100 33 01 00 02 00 7f 00 01 3a 3e 33 80 
  333 000000000f9c 000000001b0f9c 00042 0003e 00035 00133 00000 08100 00100 33 01 00 00 00 81 00 01 42 3e 35 80 
  334 000000000fa8 000000001b0fa8 0003a 0003e 00035 00133 00200 07f00 00100 33 01 00 02 00 7f 00 01 3a 3e 35 80 
  335 000000000fb4 000000001b0fb4 00042 0003e 00030 00133 00000 08100 00100 33 01 00 00 00 81 00 01 42 3e 30 80 
  336 000000000fc0 000000001b0fc0 0003a 0003e 00030 00133 00200 07f00 00100 33 01 00 02 00 7f 00 01 3a 3e 30 80 
  337 000000000fcc 000000001b0fcc 00042 0003e 0002f 00133 00000 08100 00100 33 01 00 00 00 81 00 01 42 3e 2f 80 
  338 000000000fd8 000000001b0fd8 0003a 0003e 0002f 00133 00200 07f00 00100 33 01 00 02 00 7f 00 01 3a 3e 2f 80 
  339 000000000fe4 000000001b0fe4 00042 0003e 00031 00133 00000 08100 00100 33 01 00 00 00 81 00 01 42 3e 31 80 
  340 000000000ff0 000000001b0ff0 0003a 0003e 00031 00133 00200 07f00 00100 33 01 00 02 00 7f 00 01 3a 3e 31 80 
  341 000000000ffc 000000001b0ffc 00042 0003e 0002e 00133 00000 08100 00100 33 01 00 00 00 81 00 01 42 3e 2e 80 
  342 000000001008 000000001b1008 0003a 0003e 0002e 00133 00200 07f00 00100 33 01 00 02 00 7f 00 01 3a 3e 2e 80 
  343 000000001014 000000001b1014 00042 0003e 0002d 00132 00300 0a700 00159 32 01 00 03 00 a7 59 01 42 3e 2d 80 
  344 000000001020 000000001b1020 0003a 0003e 0002d 00132 00200 05900 00159 32 01 00 02 00 59 59 01 3a 3e 2d 80 
  345 00000000102c 000000001b102c 00041 0003f 0002d 0012f 00300 0c000 00100 2f 01 00 03 00 c0 00 01 41 3f 2d 80 
  346 000000001038 000000001b1038 00040 0003f 0002d 0012f 00300 00000 00100 2f 01 00 03 00 00 00 01 40 3f 2d 80 
  347 000000001044 000000001b1044 0003f 0003f 0002d 0012f 00300 00000 00100 2f 01 00 03 00 00 00 01 3f 3f 2d 80 
  348 000000001050 000000001b1050 0003e 0003f 0002d 0012f 00300 00000 00100 2f 01 00 03 00 00 00 01 3e 3f 2d 80 
  349 00000000105c 000000001b105c 0003d 0003f 0002d 0012f 00300 00000 00100 2f 01 00 03 00 00 00 01 3d 3f 2d 80 
  350 000000001068 000000001b1068 0003c 0003f 0002d 0012f 00300 00000 00100 2f 01 00 03 00 00 00 01 3c 3f 2d 80 
  351 000000001074 000000001b1074 0003b 0003f 0002d 0012f 00300 04000 00100 2f 01 00 03 00 40 00 01 3b 3f 2d 80 
  352 000000001080 000000001b1080 00041 0003e 0002d 00133 00300 00000 0017f 33 01 00 03 00 00 7f 01 41 3e 2d 80 
  353 00000000108c 000000001b108c 00040 0003e 0002d 00133 00300 00000 0017f 33 01 00 03 00 00 7f 01 40 3e 2d 80 
  354 000000001098 000000001b1098 0003f 0003e 0002d 00133 00300 00000 0017f 33 01 00 03 00 00 7f 01 3f 3e 2d 80 
  355 0000000010a4 000000001b10a4 0003e 0003e 0002d 00133 00300 00000 0017f 33 01 00 03 00 00 7f 01 3e 3e 2d 80 
  356 0000000010b0 000000001b10b0 0003d 0003e 0002d 00133 00300 00000 0017f 33 01 00 03 00 00 7f 01 3d 3e 2d 80 
  357 0000000010bc 000000001b10bc 0003c 0003e 0002d 00133 00300 00000 0017f 33 01 00 03 00 00 7f 01 3c 3e 2d 80 
  358 0000000010c8 000000001b10c8 0003b 0003e 0002d 00133 00300 00000 0017f 33 01 00 03 00 00 7f 01 3b 3e 2d 80 
  359 0000000010d4 000000001b10d4 00041 0003e 0003d 00036 00000 0c001 00000 36 00 00 00 01 c0 00 00 41 3e 3d 80 
  360 0000000010e0 000000001b10e0 00040 0003e 0003d 00036 00000 00001 00000 36 00 00 00 01 00 00 00 40 3e 3d 80 
  361 0000000010ec 000000001b10ec 0003f 0003e 0003d 00036 00000 00001 00000 36 00 00 00 01 00 00 00 3f 3e 3d 80 
  362 0000000010f8 000000001b10f8 0003e 0003e 0003d 00036 00000 00001 00000 36 00 00 00 01 00 00 00 3e 3e 3d 80 
  363 000000001104 000000001b1104 0003d 0003e 0003d 00036 00000 00001 00000 36 00 00 00 01 00 00 00 3d 3e 3d 80 
  364 000000001110 000000001b1110 0003c 0003e 0003d 00036 00000 00001 00000 36 00 00 00 01 00 00 00 3c 3e 3d 80 
  365 00000000111c 000000001b111c 0003b 0003e 0003d 00036 00000 04001 00000 36 00 00 00 01 40 00 00 3b 3e 3d 80 
  366 000000001128 000000001b1128 00041 0003e 00039 00136 00000 0c001 00100 36 01 00 00 01 c0 00 01 41 3e 39 80 
  367 000000001134 000000001b1134 00040 0003e 00039 00136 00000 00001 00100 36 01 00 00 01 00 00 01 40 3e 39 80 
  368 000000001140 000000001b1140 0003f 0003e 00039 00136 00000 00001 00100 36 01 00 00 01 00 00 01 3f 3e 39 80 
  369 00000000114c 000000001b114c 0003e 0003e 00039 00136 00000 00001 00100 36 01 00 00 01 00 00 01 3e 3e 39 80 
  370 000000001158 000000001b1158 0003d 0003e 00039 00136 00000 00001 00100 36 01 00 00 01 00 00 01 3d 3e 39 80 
  371 000000001164 000000001b1164 0003c 0003e 00039 00136 00000 00001 00100 36 01 00 00 01 00 00 01 3c 3e 39 80 
  372 000000001170 000000001b1170 0003b 0003e 00039 00136 00000 04001 00100 36 01 00 00 01 40 00 01 3b 3e 39 80 
  373 00000000117c 000000001b117c 00041 0003e 00035 00136 00000 0c001 00100 36 01 00 00 01 c0 00 01 41 3e 35 80 
  374 000000001188 000000001b1188 00040 0003e 00035 00136 00000 00001 00100 36 01 00 00 01 00 00 01 40 3e 35 80 
  375 000000001194 000000001b1194 0003f 0003e 00035 00136 00000 00001 00100 36 01 00 00 01 00 00 01 3f 3e 35 80 
  376 0000000011a0 000000001b11a0 0003e 0003e 00035 00136 00000 00001 00100 36 01 00 00 01 00 00 01 3e 3e 35 80 
  377 0000000011ac 000000001b11ac 0003d 0003e 00035 00136 00000 00001 00100 36 01 00 00 01 00 00 01 3d 3e 35 80 
  378 0000000011b8 000000001b11b8 0003c 0003e 00035 00136 00000 00001 00100 36 01 00 00 01 00 00 01 3c 3e 35 80 
  379 0000000011c4 000000001b11c4 0003b 0003e 00035 00136 00000 04001 00100 36 01 00 00 01 40 00 01 3b 3e 35 80 
  380 0000000011d0 000000001b11d0 00041 0003e 00031 00136 00000 0c001 00100 36 01 00 00 01 c0 00 01 41 3e 31 80 
  381 0000000011dc 000000001b11dc 00040 0003e 00031 00136 00000 00001 00100 36 01 00 00 01 00 00 01 40 3e 31 80 
  382 0000000011e8 000000001b11e8 0003f 0003e 00031 00136 00000 00001 00100 36 01 00 00 01 00 00 01 3f 3e 31 80 
  383 0000000011f4 000000001b11f4 0003e 0003e 00031 00136 00000 00001 00100 36 01 00 00 01 00 00 01 3e 3e 31 80 
  384 000000001200 000000001b1200 0003d 0003e 00031 00136 00000 00001 00100 36 01 00 00 01 00 00 01 3d 3e 31 80 
  385 00000000120c 000000001b120c 0003c 0003e 00031 00136 00000 00001 00100 36 01 00 00 01 00 00 01 3c 3e 31 80 
  386 000000001218 000000001b1218 0003b 0003e 00031 00136 00000 04001 00100 36 01 00 00 01 40 00 01 3b 3e 31 80 
  387 000000001224 000000001b1224 00041 0003e 0003c 00136 00000 0c001 00100 36 01 00 00 01 c0 00 01 41 3e 3c 80 
  388 000000001230 000000001b1230 00040 0003e 0003c 00136 00000 00001 00100 36 01 00 00 01 00 00 01 40 3e 3c 80 
  389 00000000123c 000000001b123c 0003f 0003e 0003c 00136 00000 00001 00100 36 01 00 00 01 00 00 01 3f 3e 3c 80 
  390 000000001248 000000001b1248 0003e 0003e 0003c 00136 00000 00001 00100 36 01 00 00 01 00 00 01 3e 3e 3c 80 
  391 000000001254 000000001b1254 0003d 0003e 0003c 00136 00000 00001 00100 36 01 00 00 01 00 00 01 3d 3e 3c 80 
  392 000000001260 000000001b1260 0003c 0003e 0003c 00136 00000 00001 00100 36 01 00 00 01 00 00 01 3c 3e 3c 80 
  393 00000000126c 000000001b126c 0003b 0003e 0003c 00136 00000 04001 00100 36 01 00 00 01 40 00 01 3b 3e 3c 80 
  394 000000001278 000000001b1278 00041 0003e 00038 00136 00000 0c001 00100 36 01 00 00 01 c0 00 01 41 3e 38 80 
  395 000000001284 000000001b1284 00040 0003e 00038 00136 00000 00001 00100 36 01 00 00 01 00 00 01 40 3e 38 80 
  396 000000001290 000000001b1290 0003f 0003e 00038 00136 00000 00001 00100 36 01 00 00 01 00 00 01 3f 3e 38 80 
  397 00000000129c 000000001b129c 0003e 0003e 00038 00136 00000 00001 00100 36 01 00 00 01 00 00 01 3e 3e 38 80 
  398 0000000012a8 000000001b12a8 0003d 0003e 00038 00136 00000 00001 00100 36 01 00 00 01 00 00 01 3d 3e 38 80 
  399 0000000012b4 000000001b12b4 0003c 0003e 00038 00136 00000 00001 00100 36 01 00 00 01 00 00 01 3c 3e 38 80 
  400 0000000012c0 000000001b12c0 0003b 0003e 00038 00136 00000 04001 00100 36 01 00 00 01 40 00 01 3b 3e 38 80 
  401 0000000012cc 000000001b12cc 00041 0003e 00034 00136 00000 0c001 00100 36 01 00 00 01 c0 00 01 41 3e 34 80 
  402 0000000012d8 000000001b12d8 00040 0003e 00034 00136 00000 00001 00100 36 01 00 00 01 00 00 01 40 3e 34 80 
  403 0000000012e4 000000001b12e4 0003f 0003e 00034 00136 00000 00001 00100 36 01 00 00 01 00 00 01 3f 3e 34 80 
  404 0000000012f0 000000001b12f0 0003e 0003e 00034 00136 00000 00001 00100 36 01 00 00 01 00 00 01 3e 3e 34 80 
  405 0000000012fc 000000001b12fc 0003d 0003e 00034 00136 00000 00001 00100 36 01 00 00 01 00 00 01 3d 3e 34 80 
  406 000000001308 000000001b1308 0003c 0003e 00034 00136 00000 00001 00100 36 01 00 00 01 00 00 01 3c 3e 34 80 
  407 000000001314 000000001b1314 0003b 0003e 00034 00136 00000 04001 00100 36 01 00 00 01 40 00 01 3b 3e 34 80 
  408 000000001320 000000001b1320 00041 0003e 00030 00136 00000 0c001 00100 36 01 00 00 01 c0 00 01 41 3e 30 80 
  409 00000000132c 000000001b132c 00040 0003e 00030 00136 00000 00001 00100 36 01 00 00 01 00 00 01 40 3e 30 80 
  410 000000001338 000000001b1338 0003f 0003e 00030 00136 00000 00001 00100 36 01 00 00 01 00 00 01 3f 3e 30 80 
  411 000000001344 000000001b1344 0003e 0003e 00030 00136 00000 00001 00100 36 01 00 00 01 00 00 01 3e 3e 30 80 
  412 000000001350 000000001b1350 0003d 0003e 00030 00136 00000 00001 00100 36 01 00 00 01 00 00 01 3d 3e 30 80 
  413 00000000135c 000000001b135c 0003c 0003e 00030 00136 00000 00001 00100 36 01 00 00 01 00 00 01 3c 3e 30 80 
  414 000000001368 000000001b1368 0003b 0003e 00030 00136 00000 04001 00100 36 01 00 00 01 40 00 01 3b 3e 30 80 
  415 000000001374 000000001b1374 00041 0003e 0003b 00136 00000 0c001 00100 36 01 00 00 01 c0 00 01 41 3e 3b 80 
  416 000000001380 000000001b1380 00040 0003e 0003b 00136 00000 00001 00100 36 01 00 00 01 00 00 01 40 3e 3b 80 
  417 00000000138c 000000001b138c 0003f 0003e 0003b 00136 00000 00001 00100 36 01 00 00 01 00 00 01 3f 3e 3b 80 
  418 000000001398 000000001b1398 0003e 0003e 0003b 00136 00000 00001 00100 36 01 00 00 01 00 00 01 3e 3e 3b 80 
  419 0000000013a4 000000001b13a4 0003d 0003e 0003b 00136 00000 00001 00100 36 01 00 00 01 00 00 01 3d 3e 3b 80 
  420 0000000013b0 000000001b13b0 0003c 0003e 0003b 00136 00000 00001 00100 36 01 00 00 01 00 00 01 3c 3e 3b 80 
  421 0000000013bc 000000001b13bc 0003b 0003e 0003b 00136 00000 04001 00100 36 01 00 00 01 40 00 01 3b 3e 3b 80 
  422 0000000013c8 000000001b13c8 00041 0003e 00037 00136 00000 0c001 00100 36 01 00 00 01 c0 00 01 41 3e 37 80 
  423 0000000013d4 000000001b13d4 00040 0003e 00037 00136 00000 00001 00100 36 01 00 00 01 00 00 01 40 3e 37 80 
  424 0000000013e0 000000001b13e0 0003f 0003e 00037 00136 00000 00001 00100 36 01 00 00 01 00 00 01 3f 3e 37 80 
  425 0000000013ec 000000001b13ec 0003e 0003e 00037 00136 00000 00001 00100 36 01 00 00 01 00 00 01 3e 3e 37 80 
  426 0000000013f8 000000001b13f8 0003d 0003e 00037 00136 00000 00001 00100 36 01 00 00 01 00 00 01 3d 3e 37 80 
  427 000000001404 000000001b1404 0003c 0003e 00037 00136 00000 00001 00100 36 01 00 00 01 00 00 01 3c 3e 37 80 
  428 000000001410 000000001b1410 0003b 0003e 00037 00136 00000 04001 00100 36 01 00 00 01 40 00 01 3b 3e 37 80 
  429 00000000141c 000000001b141c 00041 0003e 00033 00136 00000 0c001 00100 36 01 00 00 01 c0 00 01 41 3e 33 80 
  430 000000001428 000000001b1428 00040 0003e 00033 00136 00000 00001 00100 36 01 00 00 01 00 00 01 40 3e 33 80 
  431 000000001434 000000001b1434 0003f 0003e 00033 00136 00000 00001 00100 36 01 00 00 01 00 00 01 3f 3e 33 80 
  432 000000001440 000000001b1440 0003e 0003e 00033 00136 00000 00001 00100 36 01 00 00 01 00 00 01 3e 3e 33 80 
  433 00000000144c 000000001b144c 0003d 0003e 00033 00136 00000 00001 00100 36 01 00 00 01 00 00 01 3d 3e 33 80 
  434 000000001458 000000001b1458 0003c 0003e 00033 00136 00000 00001 00100 36 01 00 00 01 00 00 01 3c 3e 33 80 
  435 000000001464 000000001b1464 0003b 0003e 00033 00136 00000 04001 00100 36 01 00 00 01 40 00 01 3b 3e 33 80 
  436 000000001470 000000001b1470 00041 0003e 0002f 00136 00000 0c001 00100 36 01 00 00 01 c0 00 01 41 3e 2f 80 
  437 00000000147c 000000001b147c 00040 0003e 0002f 00136 00000 00001 00100 36 01 00 00 01 00 00 01 40 3e 2f 80 
  438 000000001488 000000001b1488 0003f 0003e 0002f 00136 00000 00001 00100 36 01 00 00 01 00 00 01 3f 3e 2f 80 
  439 000000001494 000000001b1494 0003e 0003e 0002f 00136 00000 00001 00100 36 01 00 00 01 00 00 01 3e 3e 2f 80 
  440 0000000014a0 000000001b14a0 0003d 0003e 0002f 00136 00000 00001 00100 36 01 00 00 01 00 00 01 3d 3e 2f 80 
  441 0000000014ac 000000001b14ac 0003c 0003e 0002f 00136 00000 00001 00100 36 01 00 00 01 00 00 01 3c 3e 2f 80 
  442 0000000014b8 000000001b14b8 0003b 0003e 0002f 00136 00000 04001 00100 36 01 00 00 01 40 00 01 3b 3e 2f 80 
  443 0000000014c4 000000001b14c4 00041 0003e 0002e 00136 00000 0d301 0012d 36 01 00 00 01 d3 2d 01 41 3e 2e 80 
  444 0000000014d0 000000001b14d0 00040 0003e 0002e 00136 00000 00001 00140 36 01 00 00 01 00 40 01 40 3e 2e 80 
  445 0000000014dc 000000001b14dc 0003f 0003e 0002e 00136 00000 00001 00140 36 01 00 00 01 00 40 01 3f 3e 2e 80 
  446 0000000014e8 000000001b14e8 0003e 0003e 0002e 00136 00000 00001 00140 36 01 00 00 01 00 40 01 3e 3e 2e 80 
  447 0000000014f4 000000001b14f4 0003d 0003e 0002e 00136 00000 00001 00140 36 01 00 00 01 00 40 01 3d 3e 2e 80 
  448 000000001500 000000001b1500 0003c 0003e 0002e 00136 00000 00001 00140 36 01 00 00 01 00 40 01 3c 3e 2e 80 
  449 00000000150c 000000001b150c 0003b 0003e 0002e 00136 00000 02d01 0012d 36 01 00 00 01 2d 2d 01 3b 3e 2e 80 
  450 000000001518 000000001b1518 00041 0003e 00041 00036 00000 0d301 000d3 36 00 00 00 01 d3 d3 00 41 3e 41 80 
  451 000000001524 000000001b1524 00040 0003e 00041 00036 00000 00001 000c0 36 00 00 00 01 00 c0 00 40 3e 41 80 
  452 000000001530 000000001b1530 0003f 0003e 00041 00036 00000 00001 000c0 36 00 00 00 01 00 c0 00 3f 3e 41 80 
  453 00000000153c 000000001b153c 0003e 0003e 00041 00036 00000 00001 000c0 36 00 00 00 01 00 c0 00 3e 3e 41 80 
  454 000000001548 000000001b1548 0003d 0003e 00041 00036 00000 00001 000c0 36 00 00 00 01 00 c0 00 3d 3e 41 80 
  455 000000001554 000000001b1554 0003c 0003e 00041 00036 00000 00001 000c0 36 00 00 00 01 00 c0 00 3c 3e 41 80 
  456 000000001560 000000001b1560 0003b 0003e 00041 00036 00000 02d01 000d3 36 00 00 00 01 2d d3 00 3b 3e 41 80 
  457 00000000156c 000000001b156c 00041 0003e 00040 00036 00000 0c001 00000 36 00 00 00 01 c0 00 00 41 3e 40 80 
  458 000000001578 000000001b1578 00040 0003e 00040 00036 00000 00001 00000 36 00 00 00 01 00 00 00 40 3e 40 80 
  459 000000001584 000000001b1584 0003f 0003e 00040 00036 00000 00001 00000 36 00 00 00 01 00 00 00 3f 3e 40 80 
  460 000000001590 000000001b1590 0003e 0003e 00040 00036 00000 00001 00000 36 00 00 00 01 00 00 00 3e 3e 40 80 
  461 00000000159c 000000001b159c 0003d 0003e 00040 00036 00000 00001 00000 36 00 00 00 01 00 00 00 3d 3e 40 80 
  462 0000000015a8 000000001b15a8 0003c 0003e 00040 00036 00000 00001 00000 36 00 00 00 01 00 00 00 3c 3e 40 80 
  463 0000000015b4 000000001b15b4 0003b 0003e 00040 00036 00000 04001 00000 36 00 00 00 01 40 00 00 3b 3e 40 80 
  464 0000000015c0 000000001b15c0 00042 00040 0003e 00003 00000 08101 00000 03 00 00 00 01 81 00 00 42 40 3e 80 
  465 0000000015cc 000000001b15cc 00041 00040 0003e 00007 00000 0c700 0001c 07 00 00 00 00 c7 1c 00 41 40 3e 80 
  466 0000000015d8 000000001b15d8 0003b 00040 0003e 00007 00000 03900 0001c 07 00 00 00 00 39 1c 00 3b 40 3e 80 
  467 0000000015e4 000000001b15e4 0003a 00040 0003e 00003 00200 07f01 00000 03 00 00 02 01 7f 00 00 3a 40 3e 80 
  468 0000000015f0 000000001b15f0 0003c 00040 0003e 00007 00000 00000 00040 07 00 00 00 00 00 40 00 3c 40 3e 80 
  469 0000000015fc 000000001b15fc 00040 00040 0003e 00007 00000 00000 00040 07 00 00 00 00 00 40 00 40 40 3e 80 
  470 000000001608 000000001b1608 0003d 00040 0003e 0001e 00000 02d00 0002d 1e 00 00 00 00 2d 2d 00 3d 40 3e 80 
  471 000000001614 000000001b1614 0003e 00040 0003e 0002a 00000 00000 00000 2a 00 00 00 00 00 00 00 3e 40 3e 80 
  472 000000001620 000000001b1620 0003f 00040 0003e 0001f 00000 0d300 0002d 1f 00 00 00 00 d3 2d 00 3f 40 3e 80 
  473 00000000162c 000000001b162c 00042 0003f 0003e 0002f 00000 00000 00000 2f 00 00 00 00 00 00 00 42 3f 3e 80 
  474 000000001638 000000001b1638 0003a 0003f 0003e 0002f 00200 00000 00000 2f 00 00 02 00 00 00 00 3a 3f 3e 80 
  475 000000001644 000000001b1644 00042 0003e 0003e 00033 00000 08100 00000 33 00 00 00 00 81 00 00 42 3e 3e 80 
  476 000000001650 000000001b1650 0003a 0003e 0003e 00033 00200 07f00 00000 33 00 00 02 00 7f 00 00 3a 3e 3e 80 
  477 00000000165c 000000001b165c 00041 0003e 0003e 00036 00000 0c001 00000 36 00 00 00 01 c0 00 00 41 3e 3e 80 
  478 000000001668 000000001b1668 00040 0003e 0003e 00036 00000 00001 00000 36 00 00 00 01 00 00 00 40 3e 3e 80 
  479 000000001674 000000001b1674 0003f 0003e 0003e 00036 00000 00001 00000 36 00 00 00 01 00 00 00 3f 3e 3e 80 
  480 000000001680 000000001b1680 0003e 0003e 0003e 00036 00000 00001 00000 36 00 00 00 01 00 00 00 3e 3e 3e 80 
  481 00000000168c 000000001b168c 0003d 0003e 0003e 00036 00000 00001 00000 36 00 00 00 01 00 00 00 3d 3e 3e 80 
  482 000000001698 000000001b1698 0003c 0003e 0003e 00036 00000 00001 00000 36 00 00 00 01 00 00 00 3c 3e 3e 80 
  483 0000000016a4 000000001b16a4 0003b 0003e 0003e 00036 00000 04001 00000 36 00 00 00 01 40 00 00 3b 3e 3e 80 
  484 0000000016b0 000000001b16b0 00045 00040 0002e 0ff37 00000 00000 0ff00 37 ff 00 00 00 00 00 ff 45 40 2e 80 
  485 0000000016bc 000000001b16bc 00046 00040 0002e 0ff38 00000 00000 0ff00 38 ff 00 00 00 00 00 ff 46 40 2e 80 
  486 0000000016c8 000000001b16c8 00047 00040 0002e 0ff39 00000 00000 0ff00 39 ff 00 00 00 00 00 ff 47 40 2e 80 
  487 0000000016d4 000000001b16d4 00045 00040 00034 0ff37 00000 00000 0ff00 37 ff 00 00 00 00 00 ff 45 40 34 80 
  488 0000000016e0 000000001b16e0 00046 00040 00034 0ff39 00000 00000 0ff00 39 ff 00 00 00 00 00 ff 46 40 34 80 
  489 0000000016ec 000000001b16ec 00045 00040 00038 0ff37 00000 00000 0ff00 37 ff 00 00 00 00 00 ff 45 40 38 80 
  490 0000000016f8 000000001b16f8 00046 00040 00038 0ff39 00000 00000 0ff00 39 ff 00 00 00 00 00 ff 46 40 38 80 
  491 000000001704 000000001b1704 00045 00040 0003e 0ff37 00000 00000 0ff00 37 ff 00 00 00 00 00 ff 45 40 3e 80 
  492 000000001710 000000001b1710 00046 00040 0003e 0ff38 00000 00000 0ff00 38 ff 00 00 00 00 00 ff 46 40 3e 80 
  493 00000000171c 000000001b171c 00047 00040 0003e 0ff39 00000 00000 0ff00 39 ff 00 00 00 00 00 ff 47 40 3e 80 
  494 000000001728 000000001b1728  BLANK  BLANK  BLANK 0ff00 00000 00000 0ff00 00 ff 00 00 00 00 00 ff ff 00 00 00 
  495 000000001734 000000001b1734  BLANK  BLANK  BLANK 0ff00 00000 00000 0ff00 00 ff 00 00 00 00 00 ff ff 00 00 00 
  496 000000001740 000000001b1740  BLANK  BLANK  BLANK 0ff00 00000 00000 0ff00 00 ff 00 00 00 00 00 ff ff 00 00 00 
  497 00000000174c 000000001b174c  BLANK  BLANK  BLANK 0ff00 00000 00000 0ff00 00 ff 00 00 00 00 00 ff ff 00 00 00 
  498 000000001758 000000001b1758  BLANK  BLANK  BLANK 0ff00 00000 00000 0ff00 00 ff 00 00 00 00 00 ff ff 00 00 00 
  499 000000001764 000000001b1764  BLANK  BLANK  BLANK 0ff00 00000 00000 0ff00 00 ff 00 00 00 00 00 ff ff 00 00 00 
  500 000000001770 000000001b1770  BLANK  BLANK  BLANK 0ff00 00000 00000 0ff00 00 ff 00 00 00 00 00 ff ff 00 00 00 
  501 00000000177c 000000001b177c  BLANK  BLANK  BLANK 0ff00 00000 00000 0ff00 00 ff 00 00 00 00 00 ff ff 00 00 00 
  502 000000001788 000000001b1788  BLANK  BLANK  BLANK 0ff00 00000 00000 0ff00 00 ff 00 00 00 00 00 ff ff 00 00 00 
  503 000000001794 000000001b1794  BLANK  BLANK  BLANK 0ff00 00000 00001 0ff00 00 ff 00 00 01 00 00 ff ff 00 00 00 
  504 0000000017a0 000000001b17a0  BLANK  BLANK  BLANK 0ff00 00000 00001 0ff00 00 ff 00 00 01 00 00 ff ff 00 00 00 
  505 0000000017ac 000000001b17ac  BLANK  BLANK  BLANK 0ff00 00000 00001 0ff00 00 ff 00 00 01 00 00 ff ff 00 00 00 
  506 0000000017b8 000000001b17b8  BLANK  BLANK  BLANK 0ff00 00000 00001 0ff00 00 ff 00 00 01 00 00 ff ff 00 00 00 
  507 0000000017c4 000000001b17c4  BLANK  BLANK  BLANK 0ff00 00000 00001 0ff00 00 ff 00 00 01 00 00 ff ff 00 00 00 
  508 0000000017d0 000000001b17d0  BLANK  BLANK  BLANK 0ff00 00000 00001 0ff00 00 ff 00 00 01 00 00 ff ff 00 00 00 
  509 0000000017dc 000000001b17dc  BLANK  BLANK  BLANK 0ff00 00000 00001 0ff00 00 ff 00 00 01 00 00 ff ff 00 00 00 
  510 0000000017e8 000000001b17e8  BLANK  BLANK  BLANK 0ff00 00000 00001 0ff00 00 ff 00 00 01 00 00 ff ff 00 00 00 
  511 0000000017f4 000000001b17f4  BLANK  BLANK  BLANK 0ff00 00000 00001 0ff00 00 ff 00 00 01 00 00 ff ff 00 00 00 

========================================================================================================================
Summary for fire_world_phoenix_cave:
  Total tiles: 512
  Non-blank tiles: 494
  Blank tiles: 18
