Area: fire_world_ashen_cavern
Index: 18
========================================================================================================================

Tile Format (12 bytes = 0x0C):
  Offset 0x00-0x01: x position (UInt16)
  Offset 0x02-0x03: y position (UInt16)
  Offset 0x04-0x05: z position (UInt16)
  Offset 0x06-0x07: rotation_z (UInt16)
  Offset 0x08: tileX (UInt8) - blank if 0xFF
  Offset 0x09: tileY (UInt8)
  Offset 0x0A: tileZ (UInt8)
  Offset 0x0B: unknown (UInt8)
========================================================================================================================

Index OffsetInFile AbsoluteOffset TileX TileY TileZ PosX  PosY  PosZ  RotZ  RawBytes (hex)
------------------------------------------------------------------------------------------------------------------------
    0 000000000000 00000000914000 0004c 00040 00044 0ff00 00000 00000 0ff00 00 ff 00 00 00 00 00 ff 4c 40 44 80 
    1 00000000000c 0000000091400c 00041 00040 00040 00000 00000 0d300 0002d 00 00 00 00 00 d3 2d 00 41 40 40 80 
    2 000000000018 00000000914018 00042 00040 00040 00000 00000 0d300 0002d 00 00 00 00 00 d3 2d 00 42 40 40 80 
    3 000000000024 00000000914024 00043 00040 00040 00000 00000 0a700 00059 00 00 00 00 00 a7 59 00 43 40 40 80 
    4 000000000030 00000000914030 00040 00040 00041 00001 00000 04001 00000 01 00 00 00 01 40 00 00 40 40 41 80 
    5 00000000003c 0000000091403c 00041 00040 00041 00002 00000 00000 00000 02 00 00 00 00 00 00 00 41 40 41 80 
    6 000000000048 00000000914048 00042 00040 00041 00003 00000 0d300 0002d 03 00 00 00 00 d3 2d 00 42 40 41 80 
    7 000000000054 00000000914054 00043 00040 00041 00004 00000 0c400 00014 04 00 00 00 00 c4 14 00 43 40 41 80 
    8 000000000060 00000000914060 0003f 00040 00041 00005 00000 07101 000c8 05 00 00 00 01 71 c8 00 3f 40 41 80 
    9 00000000006c 0000000091406c 0003f 00040 00042 00006 00100 07101 00038 06 00 00 01 01 71 38 00 3f 40 42 80 
   10 000000000078 00000000914078 00040 00040 00042 00007 00000 04000 00000 07 00 00 00 00 40 00 00 40 40 42 80 
   11 000000000084 00000000914084 00041 00040 00042 00008 00000 00001 00000 08 00 00 00 01 00 00 00 41 40 42 80 
   12 000000000090 00000000914090 00042 00040 00042 00009 00000 0d301 000d3 09 00 00 00 01 d3 d3 00 42 40 42 80 
   13 00000000009c 0000000091409c 00043 00040 00042 0000a 00000 0c400 000ec 0a 00 00 00 00 c4 ec 00 43 40 42 80 
   14 0000000000a8 000000009140a8 00043 00040 00043 00007 00200 0a700 000a7 07 00 00 02 00 a7 a7 00 43 40 43 80 
   15 0000000000b4 000000009140b4 00043 00040 00044 0000b 00000 08f01 000c8 0b 00 00 00 01 8f c8 00 43 40 44 80 
   16 0000000000c0 000000009140c0 00042 00040 00043 00009 00000 0c701 000e4 09 00 00 00 01 c7 e4 00 42 40 43 80 
   17 0000000000cc 000000009140cc 00041 00040 00043 00009 00200 00001 00000 09 00 00 02 01 00 00 00 41 40 43 80 
   18 0000000000d8 000000009140d8 00040 00040 00043 0000a 00200 04000 00000 0a 00 00 02 00 40 00 00 40 40 43 80 
   19 0000000000e4 000000009140e4 00040 00040 00044 00004 00200 03c00 000ec 04 00 00 02 00 3c ec 00 40 40 44 80 
   20 0000000000f0 000000009140f0 00042 00040 00044 00002 00200 0c000 00000 02 00 00 02 00 c0 00 00 42 40 44 80 
   21 0000000000fc 000000009140fc 00041 00040 00044 00003 00200 02d00 000d3 03 00 00 02 00 2d d3 00 41 40 44 80 
   22 000000000108 00000000914108 00044 00040 00043 0000c 00000 0a701 000a7 0c 00 00 00 01 a7 a7 00 44 40 43 80 
   23 000000000114 00000000914114 00044 00040 00042 00000 00000 0a700 000a7 00 00 00 00 00 a7 a7 00 44 40 42 80 
   24 000000000120 00000000914120 00045 00040 00042 0000d 00200 08801 000d8 0d 00 00 02 01 88 d8 00 45 40 42 80 
   25 00000000012c 0000000091412c 00045 00040 00041 0000e 00200 08801 00028 0e 00 00 02 01 88 28 00 45 40 41 80 
   26 000000000138 00000000914138 00044 00040 00041 00000 00000 0a700 00059 00 00 00 00 00 a7 59 00 44 40 41 80 
   27 000000000144 00000000914144 00044 00040 00040 0000f 00000 0a701 00059 0f 00 00 00 01 a7 59 00 44 40 40 80 
   28 000000000150 00000000914150 00042 00040 0003f 00000 00000 0a700 00059 00 00 00 00 00 a7 59 00 42 40 3f 80 
   29 00000000015c 0000000091415c 00043 00040 0003f 0000f 00000 0a701 00059 0f 00 00 00 01 a7 59 00 43 40 3f 80 
   30 000000000168 00000000914168 00041 00040 0003f 00000 00000 0ec00 0003c 00 00 00 00 00 ec 3c 00 41 40 3f 80 
   31 000000000174 00000000914174 00042 00040 0003e 00010 00000 08f01 00038 10 00 00 00 01 8f 38 00 42 40 3e 80 
   32 000000000180 00000000914180 00041 00040 0003e 00011 00000 05901 00059 11 00 00 00 01 59 59 00 41 40 3e 80 
   33 00000000018c 0000000091418c 00040 00040 0003f 00000 00000 02d00 0002d 00 00 00 00 00 2d 2d 00 40 40 3f 80 
   34 000000000198 00000000914198 0003f 00040 0003f 00000 00000 05900 00059 00 00 00 00 00 59 59 00 3f 40 3f 80 
   35 0000000001a4 000000009141a4 00040 00040 0003e 0000d 00100 00001 0007f 0d 00 00 01 01 00 7f 00 40 40 3e 80 
   36 0000000001b0 000000009141b0 0003f 00040 0003e 0000e 00100 02801 00078 0e 00 00 01 01 28 78 00 3f 40 3e 80 
   37 0000000001bc 000000009141bc 0003f 00040 00040 00012 00000 05900 000a7 12 00 00 00 00 59 a7 00 3f 40 40 80 
   38 0000000001c8 000000009141c8 0003e 00040 0003f 0000d 00000 07801 00028 0d 00 00 00 01 78 28 00 3e 40 3f 80 
   39 0000000001d4 000000009141d4 0003e 00040 00040 0000e 00000 07801 000d8 0e 00 00 00 01 78 d8 00 3e 40 40 80 
   40 0000000001e0 000000009141e0 0003f 00040 00043 00000 00000 05900 00059 00 00 00 00 00 59 59 00 3f 40 43 80 
   41 0000000001ec 000000009141ec 0003f 00040 00044 00000 00000 05900 000a7 00 00 00 00 00 59 a7 00 3f 40 44 80 
   42 0000000001f8 000000009141f8 0003e 00040 00043 0000d 00000 07801 00028 0d 00 00 00 01 78 28 00 3e 40 43 80 
   43 000000000204 00000000914204 0003e 00040 00044 0000e 00000 07801 000d8 0e 00 00 00 01 78 d8 00 3e 40 44 80 
   44 000000000210 00000000914210 0003f 00040 00045 0000c 00100 05901 000a7 0c 00 00 01 01 59 a7 00 3f 40 45 80 
   45 00000000021c 0000000091421c 00041 00040 00045 00000 00000 01400 000c4 00 00 00 00 00 14 c4 00 41 40 45 80 
   46 000000000228 00000000914228 00040 00040 00045 00000 00000 05900 000a7 00 00 00 00 00 59 a7 00 40 40 45 80 
   47 000000000234 00000000914234 00042 00040 00046 00000 00000 0a700 000a7 00 00 00 00 00 a7 a7 00 42 40 46 80 
   48 000000000240 00000000914240 00042 00040 00045 00000 00000 0d300 000d3 00 00 00 00 00 d3 d3 00 42 40 45 80 
   49 00000000024c 0000000091424c 00040 00040 00046 00006 00000 05901 000a7 06 00 00 00 01 59 a7 00 40 40 46 80 
   50 000000000258 00000000914258 00043 00040 00046 00010 00100 0c801 0008f 10 00 00 01 01 c8 8f 00 43 40 46 80 
   51 000000000264 00000000914264 00043 00040 00045 00011 00100 0a701 00059 11 00 00 01 01 a7 59 00 43 40 45 80 
   52 000000000270 00000000914270 00041 00040 00046 00000 00000 05900 000a7 00 00 00 00 00 59 a7 00 41 40 46 80 
   53 00000000027c 0000000091427c 00041 00040 00047 00010 00200 07101 000c8 10 00 00 02 01 71 c8 00 41 40 47 80 
   54 000000000288 00000000914288 00042 00040 00047 00011 00200 08f01 000c8 11 00 00 02 01 8f c8 00 42 40 47 80 
   55 000000000294 00000000914294 00041 00040 00048 00113 00200 07f00 00000 13 01 00 02 00 7f 00 00 41 40 48 80 
   56 0000000002a0 000000009142a0 00042 00040 00048 00114 00200 08100 00000 14 01 00 02 00 81 00 00 42 40 48 80 
   57 0000000002ac 000000009142ac 00041 00040 00049 00113 00200 07f00 00000 13 01 00 02 00 7f 00 00 41 40 49 70 
   58 0000000002b8 000000009142b8 00042 00040 00049 00114 00200 08100 00000 14 01 00 02 00 81 00 00 42 40 49 70 
   59 0000000002c4 000000009142c4 00041 0003f 0004a 00115 00200 07f00 00000 15 01 00 02 00 7f 00 00 41 3f 4a 70 
   60 0000000002d0 000000009142d0 00042 0003f 0004a 00116 00200 08100 00000 16 01 00 02 00 81 00 00 42 3f 4a 70 
   61 0000000002dc 000000009142dc 00041 0003f 0004b 00116 00000 07f00 00000 16 01 00 00 00 7f 00 00 41 3f 4b 70 
   62 0000000002e8 000000009142e8 00042 0003f 0004b 00115 00000 08100 00000 15 01 00 00 00 81 00 00 42 3f 4b 70 
   63 0000000002f4 000000009142f4 00041 00040 0004c 00114 00000 07f00 00000 14 01 00 00 00 7f 00 00 41 40 4c 70 
   64 000000000300 00000000914300 00042 00040 0004c 00113 00000 08100 00000 13 01 00 00 00 81 00 00 42 40 4c 70 
   65 00000000030c 0000000091430c 00041 00040 0004d 00211 00000 07101 00038 11 02 00 00 01 71 38 00 41 40 4d 70 
   66 000000000318 00000000914318 00042 00040 0004d 00210 00000 08f01 00038 10 02 00 00 01 8f 38 00 42 40 4d 70 
   67 000000000324 00000000914324 00042 00040 0004e 00200 00000 0a700 00059 00 02 00 00 00 a7 59 00 42 40 4e 70 
   68 000000000330 00000000914330 00041 00040 0004e 00200 00000 05900 00059 00 02 00 00 00 59 59 00 41 40 4e 70 
   69 00000000033c 0000000091433c 00043 00040 0004e 0020f 00000 0a701 00059 0f 02 00 00 01 a7 59 00 43 40 4e 70 
   70 000000000348 00000000914348 00040 00040 0004e 0020f 00300 05901 00059 0f 02 00 03 01 59 59 00 40 40 4e 70 
   71 000000000354 00000000914354 00043 00040 0004f 00200 00000 0a700 00059 00 02 00 00 00 a7 59 00 43 40 4f 70 
   72 000000000360 00000000914360 00044 00040 0004f 0020f 00000 0a701 00059 0f 02 00 00 01 a7 59 00 44 40 4f 70 
   73 00000000036c 0000000091436c 00040 00040 0004f 00200 00000 05900 00059 00 02 00 00 00 59 59 00 40 40 4f 70 
   74 000000000378 00000000914378 0003f 00040 0004f 0020f 00300 05901 00059 0f 02 00 03 01 59 59 00 3f 40 4f 70 
   75 000000000384 00000000914384 00041 00040 0004f 00200 00000 01400 0003c 00 02 00 00 00 14 3c 00 41 40 4f 70 
   76 000000000390 00000000914390 00042 00040 0004f 00200 00000 0ec00 0003c 00 02 00 00 00 ec 3c 00 42 40 4f 70 
   77 00000000039c 0000000091439c 0003f 00040 00050 00200 00000 05900 00059 00 02 00 00 00 59 59 00 3f 40 50 70 
   78 0000000003a8 000000009143a8 0003f 00040 00051 00200 00000 05900 000a7 00 02 00 00 00 59 a7 00 3f 40 51 70 
   79 0000000003b4 000000009143b4 0003e 00040 00050 0020d 00000 07801 00028 0d 02 00 00 01 78 28 00 3e 40 50 70 
   80 0000000003c0 000000009143c0 0003e 00040 00051 0020e 00000 07801 000d8 0e 02 00 00 01 78 d8 00 3e 40 51 70 
   81 0000000003cc 000000009143cc 00043 00040 00050 00200 00000 0c400 00014 00 02 00 00 00 c4 14 00 43 40 50 70 
   82 0000000003d8 000000009143d8 00040 00040 00050 00200 00000 03c00 00014 00 02 00 00 00 3c 14 00 40 40 50 70 
   83 0000000003e4 000000009143e4 00041 00040 00050 00200 00000 02d00 0002d 00 02 00 00 00 2d 2d 00 41 40 50 70 
   84 0000000003f0 000000009143f0 00042 00040 00050 00200 00000 0d300 0002d 00 02 00 00 00 d3 2d 00 42 40 50 70 
   85 0000000003fc 000000009143fc 00043 00040 00051 00200 00000 0c400 000ec 00 02 00 00 00 c4 ec 00 43 40 51 70 
   86 000000000408 00000000914408 00040 00040 00051 00200 00000 03c00 000ec 00 02 00 00 00 3c ec 00 40 40 51 70 
   87 000000000414 00000000914414 00041 00040 00051 00200 00000 02d00 000d3 00 02 00 00 00 2d d3 00 41 40 51 70 
   88 000000000420 00000000914420 00042 00040 00051 00200 00000 0d300 000d3 00 02 00 00 00 d3 d3 00 42 40 51 70 
   89 00000000042c 0000000091442c 0003f 00040 00052 00206 00000 05901 000a7 06 02 00 00 01 59 a7 00 3f 40 52 70 
   90 000000000438 00000000914438 00040 00040 00052 00200 00000 05900 000a7 00 02 00 00 00 59 a7 00 40 40 52 70 
   91 000000000444 00000000914444 00040 00040 00053 0020f 00200 05901 000a7 0f 02 00 02 01 59 a7 00 40 40 53 70 
   92 000000000450 00000000914450 00041 00040 00052 00200 00000 01400 000c4 00 02 00 00 00 14 c4 00 41 40 52 70 
   93 00000000045c 0000000091445c 00042 00040 00052 00200 00000 0ec00 000c4 00 02 00 00 00 ec c4 00 42 40 52 70 
   94 000000000468 00000000914468 00041 00040 00053 00200 00000 05900 000a7 00 02 00 00 00 59 a7 00 41 40 53 70 
   95 000000000474 00000000914474 00042 00040 00053 00200 00000 0a700 000a7 00 02 00 00 00 a7 a7 00 42 40 53 70 
   96 000000000480 00000000914480 00041 00040 00054 0020d 00300 02801 00088 0d 02 00 03 01 28 88 00 41 40 54 70 
   97 00000000048c 0000000091448c 00042 00040 00054 0020e 00300 0d801 00088 0e 02 00 03 01 d8 88 00 42 40 54 70 
   98 000000000498 00000000914498 00043 00040 00052 00200 00000 0a700 000a7 00 02 00 00 00 a7 a7 00 43 40 52 70 
   99 0000000004a4 000000009144a4 00043 00040 00053 00206 00300 0a701 000a7 06 02 00 03 01 a7 a7 00 43 40 53 70 
  100 0000000004b0 000000009144b0 00044 00040 00052 0020f 00100 0a701 000a7 0f 02 00 01 01 a7 a7 00 44 40 52 70 
  101 0000000004bc 000000009144bc 00044 00040 00050 00200 00000 0a700 00059 00 02 00 00 00 a7 59 00 44 40 50 70 
  102 0000000004c8 000000009144c8 00044 00040 00051 00200 00000 0a700 000a7 00 02 00 00 00 a7 a7 00 44 40 51 70 
  103 0000000004d4 000000009144d4 00045 00040 00050 00211 00100 0c801 00071 11 02 00 01 01 c8 71 00 45 40 50 70 
  104 0000000004e0 000000009144e0 00045 00040 00051 00210 00100 0c801 0008f 10 02 00 01 01 c8 8f 00 45 40 51 70 
  105 0000000004ec 000000009144ec 00046 0003f 00050 0ff16 00100 00000 00000 16 ff 00 01 00 00 00 00 46 3f 50 80 
  106 0000000004f8 000000009144f8 00046 0003f 00051 0ff15 00100 00000 00000 15 ff 00 01 00 00 00 00 46 3f 51 80 
  107 000000000504 00000000914504 0005b 00041 0004c 00414 00300 00000 00181 14 04 00 03 00 00 81 01 5b 41 4c 98 
  108 000000000510 00000000914510 0005b 00041 0004b 00413 00300 00000 0017f 13 04 00 03 00 00 7f 01 5b 41 4b 98 
  109 00000000051c 0000000091451c 00047 0003f 00051 0ff17 00300 00000 00000 17 ff 00 03 00 00 00 00 47 3f 51 80 
  110 000000000528 00000000914528 00047 0003f 00050 0ff18 00300 00000 00000 18 ff 00 03 00 00 00 00 47 3f 50 80 
  111 000000000534 00000000914534 00048 0003f 00051 0ff17 00300 00000 0ff00 17 ff 00 03 00 00 00 ff 48 3f 51 80 
  112 000000000540 00000000914540 00048 0003f 00050 0ff18 00300 00000 0ff00 18 ff 00 03 00 00 00 ff 48 3f 50 80 
  113 00000000054c 0000000091454c 00049 0003f 00051 0ff16 00300 00000 00100 16 ff 00 03 00 00 00 01 49 3f 51 80 
  114 000000000558 00000000914558 00049 0003f 00050 0ff15 00300 00000 00100 15 ff 00 03 00 00 00 01 49 3f 50 80 
  115 000000000564 00000000914564 0004a 00040 00051 0ff14 00300 00000 00100 14 ff 00 03 00 00 00 01 4a 40 51 80 
  116 000000000570 00000000914570 0004a 00040 00050 0ff13 00300 00000 00100 13 ff 00 03 00 00 00 01 4a 40 50 80 
  117 00000000057c 0000000091457c 0004b 00040 00050 00310 00300 03801 00171 10 03 00 03 01 38 71 01 4b 40 50 80 
  118 000000000588 00000000914588 0004b 00040 00051 00311 00300 03801 0018f 11 03 00 03 01 38 8f 01 4b 40 51 80 
  119 000000000594 00000000914594 0004c 00040 00050 00300 00000 05900 00159 00 03 00 00 00 59 59 01 4c 40 50 80 
  120 0000000005a0 000000009145a0 0004c 00040 00051 00300 00000 05900 001a7 00 03 00 00 00 59 a7 01 4c 40 51 80 
  121 0000000005ac 000000009145ac 0004c 00040 0004f 0030e 00100 02801 00178 0e 03 00 01 01 28 78 01 4c 40 4f 80 
  122 0000000005b8 000000009145b8 0004d 00040 0004f 0030d 00100 00001 0017f 0d 03 00 01 01 00 7f 01 4d 40 4f 80 
  123 0000000005c4 000000009145c4 0004c 00040 00052 0030d 00300 02801 00188 0d 03 00 03 01 28 88 01 4c 40 52 80 
  124 0000000005d0 000000009145d0 0004d 00040 00052 0030e 00300 00001 00181 0e 03 00 03 01 00 81 01 4d 40 52 80 
  125 0000000005dc 000000009145dc 0004d 00040 00050 00300 00000 02d00 0012d 00 03 00 00 00 2d 2d 01 4d 40 50 80 
  126 0000000005e8 000000009145e8 0004d 00040 00051 00300 00000 02d00 001d3 00 03 00 00 00 2d d3 01 4d 40 51 80 
  127 0000000005f4 000000009145f4 0004e 00040 00052 00306 00000 03801 0018f 06 03 00 00 01 38 8f 01 4e 40 52 80 
  128 000000000600 00000000914600 0004e 00040 0004f 00306 00100 05901 00159 06 03 00 01 01 59 59 01 4e 40 4f 80 
  129 00000000060c 0000000091460c 0004e 00040 00050 00300 00000 01c00 00139 00 03 00 00 00 1c 39 01 4e 40 50 80 
  130 000000000618 00000000914618 0004e 00040 00051 00300 00000 00000 001c0 00 03 00 00 00 00 c0 01 4e 40 51 80 
  131 000000000624 00000000914624 0004f 00040 00050 00300 00000 02d00 0012d 00 03 00 00 00 2d 2d 01 4f 40 50 80 
  132 000000000630 00000000914630 0004f 00040 00051 00300 00000 00000 001c0 00 03 00 00 00 00 c0 01 4f 40 51 80 
  133 00000000063c 0000000091463c 0004f 00040 00052 00300 00000 05900 001a7 00 03 00 00 00 59 a7 01 4f 40 52 80 
  134 000000000648 00000000914648 0004f 00040 0004f 00300 00000 03900 0011c 00 03 00 00 00 39 1c 01 4f 40 4f 80 
  135 000000000654 00000000914654 0004f 00040 00053 0030d 00300 02801 00188 0d 03 00 03 01 28 88 01 4f 40 53 80 
  136 000000000660 00000000914660 00050 00040 00053 0030e 00300 0d801 00188 0e 03 00 03 01 d8 88 01 50 40 53 80 
  137 00000000066c 0000000091466c 00050 00040 00052 00300 00000 0a700 001a7 00 03 00 00 00 a7 a7 01 50 40 52 80 
  138 000000000678 00000000914678 00050 00040 00050 00300 00000 0d300 001d3 00 03 00 00 00 d3 d3 01 50 40 50 80 
  139 000000000684 00000000914684 00050 00040 00051 00300 00000 0ec00 001c4 00 03 00 00 00 ec c4 01 50 40 51 80 
  140 000000000690 00000000914690 00051 00040 00052 00306 00300 0a701 001a7 06 03 00 03 01 a7 a7 01 51 40 52 80 
  141 00000000069c 0000000091469c 00050 00040 00048 00300 00000 0c800 0018f 00 03 00 00 00 c8 8f 01 50 40 48 80 
  142 0000000006a8 000000009146a8 00051 00040 0004a 00306 00100 05901 00159 06 03 00 01 01 59 59 01 51 40 4a 80 
  143 0000000006b4 000000009146b4 00052 00040 0004a 00300 00000 07100 00138 00 03 00 00 00 71 38 01 52 40 4a 80 
  144 0000000006c0 000000009146c0 00053 00040 0004a 00300 00000 0a700 00159 00 03 00 00 00 a7 59 01 53 40 4a 80 
  145 0000000006cc 000000009146cc 00050 00040 0004b 00304 00300 0c800 00171 04 03 00 03 00 c8 71 01 50 40 4b 80 
  146 0000000006d8 000000009146d8 00051 00040 0004b 00302 00000 03800 00171 02 03 00 00 00 38 71 01 51 40 4b 80 
  147 0000000006e4 000000009146e4 00052 00040 0004b 00303 00000 05900 00159 03 03 00 00 00 59 59 01 52 40 4b 80 
  148 0000000006f0 000000009146f0 00053 00040 0004b 00304 00000 0e400 00139 04 03 00 00 00 e4 39 01 53 40 4b 80 
  149 0000000006fc 000000009146fc 00051 00040 00048 00300 00000 00000 00181 00 03 00 00 00 00 81 01 51 40 48 80 
  150 000000000708 00000000914708 00052 00040 00048 0030f 00000 0a701 00159 0f 03 00 00 01 a7 59 01 52 40 48 80 
  151 000000000714 00000000914714 00050 00040 0004c 00307 00000 00000 00140 07 03 00 00 00 00 40 01 50 40 4c 80 
  152 000000000720 00000000914720 00051 00040 0004c 00319 00000 00001 00140 19 03 00 00 01 00 40 01 51 40 4c 80 
  153 00000000072c 0000000091472c 00052 00040 0004c 0031a 00000 00001 00140 1a 03 00 00 01 00 40 01 52 40 4c 80 
  154 000000000738 00000000914738 00053 00040 0004c 0030a 00000 0c000 00100 0a 03 00 00 00 c0 00 01 53 40 4c 80 
  155 000000000744 00000000914744 00053 00040 0004d 00307 00200 0a700 001a7 07 03 00 02 00 a7 a7 01 53 40 4d 80 
  156 000000000750 00000000914750 00053 00040 0004e 0030b 00000 08f01 001c8 0b 03 00 00 01 8f c8 01 53 40 4e 80 
  157 00000000075c 0000000091475c 00052 00040 0004d 0031a 00100 0c701 001e4 1a 03 00 01 01 c7 e4 01 52 40 4d 80 
  158 000000000768 00000000914768 00051 00040 0004d 0031a 00200 00001 00100 1a 03 00 02 01 00 00 01 51 40 4d 80 
  159 000000000774 00000000914774 00050 00040 0004d 0030a 00200 00000 00100 0a 03 00 02 00 00 00 01 50 40 4d 80 
  160 000000000780 00000000914780 00050 00040 0004e 00304 00200 00000 00100 04 03 00 02 00 00 00 01 50 40 4e 80 
  161 00000000078c 0000000091478c 00052 00040 0004e 00302 00200 0c000 00100 02 03 00 02 00 c0 00 01 52 40 4e 80 
  162 000000000798 00000000914798 00051 00040 0004e 00303 00200 00000 00100 03 03 00 02 00 00 00 01 51 40 4e 80 
  163 0000000007a4 000000009147a4 00054 00040 0004d 0030c 00000 0a701 001a7 0c 03 00 00 01 a7 a7 01 54 40 4d 80 
  164 0000000007b0 000000009147b0 00054 00040 0004c 00300 00000 0a700 001a7 00 03 00 00 00 a7 a7 01 54 40 4c 80 
  165 0000000007bc 000000009147bc 00055 00040 0004b 00311 00100 0c801 00171 11 03 00 01 01 c8 71 01 55 40 4b 80 
  166 0000000007c8 000000009147c8 00055 00040 0004c 00310 00100 0c801 0018f 10 03 00 01 01 c8 8f 01 55 40 4c 80 
  167 0000000007d4 000000009147d4 00054 00040 0004b 00300 00000 0a700 00159 00 03 00 00 00 a7 59 01 54 40 4b 80 
  168 0000000007e0 000000009147e0 00054 00040 0004a 0030f 00000 0a701 00159 0f 03 00 00 01 a7 59 01 54 40 4a 80 
  169 0000000007ec 000000009147ec 00052 00040 00049 00300 00000 07f00 00100 00 03 00 00 00 7f 00 01 52 40 49 80 
  170 0000000007f8 000000009147f8 00053 00040 00049 0030f 00000 0a701 00159 0f 03 00 00 01 a7 59 01 53 40 49 80 
  171 000000000804 00000000914804 00050 00040 00047 00300 00000 0a700 00159 00 03 00 00 00 a7 59 01 50 40 47 80 
  172 000000000810 00000000914810 00051 00040 00047 0030f 00000 0a701 00159 0f 03 00 00 01 a7 59 01 51 40 47 80 
  173 00000000081c 0000000091481c 00051 00040 00049 00306 00000 05901 001a7 06 03 00 00 01 59 a7 01 51 40 49 80 
  174 000000000828 00000000914828 00050 00040 0004a 00306 00200 0a701 00159 06 03 00 02 01 a7 59 01 50 40 4a 80 
  175 000000000834 00000000914834 0004f 00040 00047 00300 00000 0c000 00100 00 03 00 00 00 c0 00 01 4f 40 47 80 
  176 000000000840 00000000914840 00050 00040 00046 0030d 00100 0d801 00178 0d 03 00 01 01 d8 78 01 50 40 46 80 
  177 00000000084c 0000000091484c 0004f 00040 00046 0030e 00100 00001 0017f 0e 03 00 01 01 00 7f 01 4f 40 46 80 
  178 000000000858 00000000914858 0004f 00040 00048 00300 00000 0a700 001a7 00 03 00 00 00 a7 a7 01 4f 40 48 80 
  179 000000000864 00000000914864 0004e 00040 00047 00300 00300 0c000 00100 00 03 00 03 00 c0 00 01 4e 40 47 80 
  180 000000000870 00000000914870 0004e 00040 00048 00300 00300 0c700 001e4 00 03 00 03 00 c7 e4 01 4e 40 48 80 
  181 00000000087c 0000000091487c 0004f 00040 0004d 00300 00000 04000 00100 00 03 00 00 00 40 00 01 4f 40 4d 80 
  182 000000000888 00000000914888 0004f 00040 0004e 00300 00000 04000 00100 00 03 00 00 00 40 00 01 4f 40 4e 80 
  183 000000000894 00000000914894 0004e 00040 0004d 0030d 00000 07f01 00100 0d 03 00 00 01 7f 00 01 4e 40 4d 80 
  184 0000000008a0 000000009148a0 0004e 00040 0004e 0030e 00000 07f01 00100 0e 03 00 00 01 7f 00 01 4e 40 4e 80 
  185 0000000008ac 000000009148ac 00052 00040 00051 0030c 00000 0a701 001a7 0c 03 00 00 01 a7 a7 01 52 40 51 80 
  186 0000000008b8 000000009148b8 00051 00040 00051 00300 00000 0a700 001a7 00 03 00 00 00 a7 a7 01 51 40 51 80 
  187 0000000008c4 000000009148c4 00050 00040 0004f 00300 00000 00000 00100 00 03 00 00 00 00 00 01 50 40 4f 80 
  188 0000000008d0 000000009148d0 00052 00040 0004f 00300 00000 0c400 001ec 00 03 00 00 00 c4 ec 01 52 40 4f 80 
  189 0000000008dc 000000009148dc 00052 00040 00050 00300 00000 0a700 001a7 00 03 00 00 00 a7 a7 01 52 40 50 80 
  190 0000000008e8 000000009148e8 00053 00040 0004f 0030e 00200 08101 00100 0e 03 00 02 01 81 00 01 53 40 4f 80 
  191 0000000008f4 000000009148f4 00053 00040 00050 0030d 00200 08801 001d8 0d 03 00 02 01 88 d8 01 53 40 50 80 
  192 000000000900 00000000914900 00051 00040 00050 00300 00000 0d300 001d3 00 03 00 00 00 d3 d3 01 51 40 50 80 
  193 00000000090c 0000000091490c 00051 00040 0004f 00300 00000 0d300 001d3 00 03 00 00 00 d3 d3 01 51 40 4f 80 
  194 000000000918 00000000914918 00050 00040 00049 00306 00300 0a701 001a7 06 03 00 03 01 a7 a7 01 50 40 49 80 
  195 000000000924 00000000914924 0004f 00040 00049 00300 00000 08f00 001c8 00 03 00 00 00 8f c8 01 4f 40 49 80 
  196 000000000930 00000000914930 0004e 00040 00049 00300 00100 0c700 001e4 00 03 00 01 00 c7 e4 01 4e 40 49 80 
  197 00000000093c 0000000091493c 0004e 00040 0004a 00300 00000 0e400 001c7 00 03 00 00 00 e4 c7 01 4e 40 4a 80 
  198 000000000948 00000000914948 0004e 00040 0004b 00300 00000 05900 001a7 00 03 00 00 00 59 a7 01 4e 40 4b 80 
  199 000000000954 00000000914954 0004d 00040 0004a 0030d 00000 07f01 00100 0d 03 00 00 01 7f 00 01 4d 40 4a 80 
  200 000000000960 00000000914960 0004d 00040 0004b 0030e 00000 07801 001d8 0e 03 00 00 01 78 d8 01 4d 40 4b 80 
  201 00000000096c 0000000091496c 0004e 00040 0004c 00306 00000 07101 001c8 06 03 00 00 01 71 c8 01 4e 40 4c 80 
  202 000000000978 00000000914978 0004f 00040 0004c 00300 00000 02d00 0012d 00 03 00 00 00 2d 2d 01 4f 40 4c 80 
  203 000000000984 00000000914984 0004f 00040 0004a 00300 00000 08f00 00138 00 03 00 00 00 8f 38 01 4f 40 4a 80 
  204 000000000990 00000000914990 0004f 00040 0004b 00300 00000 0a700 00159 00 03 00 00 00 a7 59 01 4f 40 4b 80 
  205 00000000099c 0000000091499c 00056 0003f 0004b 00416 00100 00000 0017f 16 04 00 01 00 00 7f 01 56 3f 4b 90 
  206 0000000009a8 000000009149a8 00056 0003f 0004c 00415 00100 00000 00181 15 04 00 01 00 00 81 01 56 3f 4c 90 
  207 0000000009b4 000000009149b4 00057 0003f 0004c 00417 00300 00000 00181 17 04 00 03 00 00 81 01 57 3f 4c 90 
  208 0000000009c0 000000009149c0 00057 0003f 0004b 00418 00300 00000 0017f 18 04 00 03 00 00 7f 01 57 3f 4b 90 
  209 0000000009cc 000000009149cc 00058 00040 0004c 00414 00300 00000 00181 14 04 00 03 00 00 81 01 58 40 4c 88 
  210 0000000009d8 000000009149d8 00058 00040 0004b 00413 00300 00000 0017f 13 04 00 03 00 00 7f 01 58 40 4b 88 
  211 0000000009e4 000000009149e4 00059 00040 0004c 00414 00300 00000 00181 14 04 00 03 00 00 81 01 59 40 4c 98 
  212 0000000009f0 000000009149f0 00059 00040 0004b 00413 00300 00000 0017f 13 04 00 03 00 00 7f 01 59 40 4b 98 
  213 0000000009fc 000000009149fc 0005a 00041 0004c 00414 00300 00000 00181 14 04 00 03 00 00 81 01 5a 41 4c 88 
  214 000000000a08 00000000914a08 0005a 00041 0004b 00413 00300 00000 0017f 13 04 00 03 00 00 7f 01 5a 41 4b 88 
  215 000000000a14 00000000914a14 0005d 00042 0004c 00414 00300 00000 00181 14 04 00 03 00 00 81 01 5d 42 4c 98 
  216 000000000a20 00000000914a20 0005d 00042 0004b 00413 00300 00000 0017f 13 04 00 03 00 00 7f 01 5d 42 4b 98 
  217 000000000a2c 00000000914a2c 0005c 00042 0004c 00414 00300 00000 00181 14 04 00 03 00 00 81 01 5c 42 4c 88 
  218 000000000a38 00000000914a38 0005c 00042 0004b 00413 00300 00000 0017f 13 04 00 03 00 00 7f 01 5c 42 4b 88 
  219 000000000a44 00000000914a44 0005e 00043 0004b 00510 00300 03801 00171 10 05 00 03 01 38 71 01 5e 43 4b 78 
  220 000000000a50 00000000914a50 0005e 00043 0004c 00511 00300 03801 0018f 11 05 00 03 01 38 8f 01 5e 43 4c 78 
  221 000000000a5c 00000000914a5c 00061 00043 00048 00511 00000 07101 00138 11 05 00 00 01 71 38 01 61 43 48 78 
  222 000000000a68 00000000914a68 00062 00043 00048 00510 00000 08f01 00138 10 05 00 00 01 8f 38 01 62 43 48 78 
  223 000000000a74 00000000914a74 00062 00043 00049 00500 00000 0a700 00159 00 05 00 00 00 a7 59 01 62 43 49 78 
  224 000000000a80 00000000914a80 00061 00043 00049 00500 00000 05900 00159 00 05 00 00 00 59 59 01 61 43 49 78 
  225 000000000a8c 00000000914a8c 00063 00043 00049 0050f 00000 0a701 00159 0f 05 00 00 01 a7 59 01 63 43 49 78 
  226 000000000a98 00000000914a98 00060 00043 00049 0050f 00300 05901 00159 0f 05 00 03 01 59 59 01 60 43 49 78 
  227 000000000aa4 00000000914aa4 00063 00043 0004a 00500 00000 02d00 001d3 00 05 00 00 00 2d d3 01 63 43 4a 78 
  228 000000000ab0 00000000914ab0 00064 00043 0004a 0050f 00000 0a701 00159 0f 05 00 00 01 a7 59 01 64 43 4a 78 
  229 000000000abc 00000000914abc 00060 00043 0004a 00500 00000 0d300 001d3 00 05 00 00 00 d3 d3 01 60 43 4a 78 
  230 000000000ac8 00000000914ac8 0005f 00043 0004a 0050f 00300 05901 00159 0f 05 00 03 01 59 59 01 5f 43 4a 78 
  231 000000000ad4 00000000914ad4 00061 00043 0004a 00500 00000 0c800 0018f 00 05 00 00 00 c8 8f 01 61 43 4a 78 
  232 000000000ae0 00000000914ae0 00062 00043 0004a 00500 00000 03800 0018f 00 05 00 00 00 38 8f 01 62 43 4a 78 
  233 000000000aec 00000000914aec 0005f 00043 0004b 00500 00000 05900 00159 00 05 00 00 00 59 59 01 5f 43 4b 78 
  234 000000000af8 00000000914af8 0005f 00043 0004c 00500 00000 05900 001a7 00 05 00 00 00 59 a7 01 5f 43 4c 78 
  235 000000000b04 00000000914b04 00060 00044 0003d 00600 00000 04000 00200 00 06 00 00 00 40 00 02 60 44 3d 80 
  236 000000000b10 00000000914b10 00061 00044 0003d 00600 00000 0d300 0022d 00 06 00 00 00 d3 2d 02 61 44 3d 80 
  237 000000000b1c 00000000914b1c 00063 00043 0004b 00500 00000 07100 001c8 00 05 00 00 00 71 c8 01 63 43 4b 78 
  238 000000000b28 00000000914b28 00060 00043 0004b 00500 00000 08f00 001c8 00 05 00 00 00 8f c8 01 60 43 4b 78 
  239 000000000b34 00000000914b34 00061 00043 0004b 00506 00300 0a701 001a7 06 05 00 03 01 a7 a7 01 61 43 4b 78 
  240 000000000b40 00000000914b40 00062 00043 0004b 00506 00000 05901 001a7 06 05 00 00 01 59 a7 01 62 43 4b 78 
  241 000000000b4c 00000000914b4c 00063 00043 0004c 00500 00000 07100 00138 00 05 00 00 00 71 38 01 63 43 4c 78 
  242 000000000b58 00000000914b58 00060 00043 0004c 00500 00000 08f00 00138 00 05 00 00 00 8f 38 01 60 43 4c 78 
  243 000000000b64 00000000914b64 00061 00043 0004c 00506 00200 0a701 00159 06 05 00 02 01 a7 59 01 61 43 4c 78 
  244 000000000b70 00000000914b70 00062 00043 0004c 00506 00100 05901 00159 06 05 00 01 01 59 59 01 62 43 4c 78 
  245 000000000b7c 00000000914b7c 0005f 00043 0004d 00506 00000 05901 001a7 06 05 00 00 01 59 a7 01 5f 43 4d 78 
  246 000000000b88 00000000914b88 00060 00043 0004d 00500 00000 0d300 0012d 00 05 00 00 00 d3 2d 01 60 43 4d 78 
  247 000000000b94 00000000914b94 00060 00043 0004e 0050f 00200 05901 001a7 0f 05 00 02 01 59 a7 01 60 43 4e 78 
  248 000000000ba0 00000000914ba0 00061 00043 0004d 00500 00000 0c800 00171 00 05 00 00 00 c8 71 01 61 43 4d 78 
  249 000000000bac 00000000914bac 00062 00043 0004d 00500 00000 03800 00171 00 05 00 00 00 38 71 01 62 43 4d 78 
  250 000000000bb8 00000000914bb8 00061 00043 0004e 00500 00000 05900 001a7 00 05 00 00 00 59 a7 01 61 43 4e 78 
  251 000000000bc4 00000000914bc4 00062 00043 0004e 00500 00000 0a700 001a7 00 05 00 00 00 a7 a7 01 62 43 4e 78 
  252 000000000bd0 00000000914bd0 00061 00043 0004f 0050d 00300 02801 00188 0d 05 00 03 01 28 88 01 61 43 4f 78 
  253 000000000bdc 00000000914bdc 00062 00043 0004f 0050e 00300 0d801 00188 0e 05 00 03 01 d8 88 01 62 43 4f 78 
  254 000000000be8 00000000914be8 00063 00043 0004d 00500 00000 02d00 0012d 00 05 00 00 00 2d 2d 01 63 43 4d 78 
  255 000000000bf4 00000000914bf4 00063 00043 0004e 00506 00300 0a701 001a7 06 05 00 03 01 a7 a7 01 63 43 4e 78 
  256 000000000c00 00000000914c00 00064 00043 0004d 0050f 00100 0a701 001a7 0f 05 00 01 01 a7 a7 01 64 43 4d 78 
  257 000000000c0c 00000000914c0c 00064 00043 0004b 00500 00000 0a700 00159 00 05 00 00 00 a7 59 01 64 43 4b 78 
  258 000000000c18 00000000914c18 00064 00043 0004c 00500 00000 0a700 001a7 00 05 00 00 00 a7 a7 01 64 43 4c 78 
  259 000000000c24 00000000914c24 00065 00043 0004b 0050e 00200 08801 00128 0e 05 00 02 01 88 28 01 65 43 4b 78 
  260 000000000c30 00000000914c30 00065 00043 0004c 0050d 00200 08801 001d8 0d 05 00 02 01 88 d8 01 65 43 4c 78 
  261 000000000c3c 00000000914c3c 00062 00044 0003d 00600 00000 0d300 0022d 00 06 00 00 00 d3 2d 02 62 44 3d 80 
  262 000000000c48 00000000914c48 00063 00044 0003d 00600 00000 0a700 00259 00 06 00 00 00 a7 59 02 63 44 3d 80 
  263 000000000c54 00000000914c54 00060 00044 0003e 00600 00300 04000 00200 00 06 00 03 00 40 00 02 60 44 3e 80 
  264 000000000c60 00000000914c60 00061 00044 0003e 00600 00000 00000 00200 00 06 00 00 00 00 00 02 61 44 3e 80 
  265 000000000c6c 00000000914c6c 00062 00044 0003e 00600 00000 0d300 0022d 00 06 00 00 00 d3 2d 02 62 44 3e 80 
  266 000000000c78 00000000914c78 00063 00044 0003e 00600 00000 0c400 00214 00 06 00 00 00 c4 14 02 63 44 3e 80 
  267 000000000c84 00000000914c84 0005f 00044 0003e 00606 00000 07101 002c8 06 06 00 00 01 71 c8 02 5f 44 3e 80 
  268 000000000c90 00000000914c90 0005f 00044 0003f 00606 00100 07101 00238 06 06 00 01 01 71 38 02 5f 44 3f 80 
  269 000000000c9c 00000000914c9c 00060 00044 0003f 00600 00000 04000 00200 00 06 00 00 00 40 00 02 60 44 3f 80 
  270 000000000ca8 00000000914ca8 00061 00044 0003f 00600 00000 00000 00200 00 06 00 00 00 00 00 02 61 44 3f 80 
  271 000000000cb4 00000000914cb4 00062 00044 0003f 00600 00000 0d300 002d3 00 06 00 00 00 d3 d3 02 62 44 3f 80 
  272 000000000cc0 00000000914cc0 00063 00044 0003f 00600 00000 0c400 002ec 00 06 00 00 00 c4 ec 02 63 44 3f 80 
  273 000000000ccc 00000000914ccc 00063 00044 00040 00600 00200 0a700 002a7 00 06 00 02 00 a7 a7 02 63 44 40 80 
  274 000000000cd8 00000000914cd8 00063 00044 00041 0060c 00000 08f01 002c8 0c 06 00 00 01 8f c8 02 63 44 41 80 
  275 000000000ce4 00000000914ce4 00062 00044 00040 00600 00000 0c700 002e4 00 06 00 00 00 c7 e4 02 62 44 40 80 
  276 000000000cf0 00000000914cf0 00061 00044 00040 00600 00200 00000 00200 00 06 00 02 00 00 00 02 61 44 40 80 
  277 000000000cfc 00000000914cfc 00060 00044 00040 00600 00200 04000 00200 00 06 00 02 00 40 00 02 60 44 40 80 
  278 000000000d08 00000000914d08 00060 00044 00041 00600 00200 03c00 002ec 00 06 00 02 00 3c ec 02 60 44 41 80 
  279 000000000d14 00000000914d14 00062 00044 00041 00600 00200 0c000 00200 00 06 00 02 00 c0 00 02 62 44 41 80 
  280 000000000d20 00000000914d20 00061 00044 00041 00600 00200 02d00 002d3 00 06 00 02 00 2d d3 02 61 44 41 80 
  281 000000000d2c 00000000914d2c 00064 00044 00040 0060c 00000 0a701 002a7 0c 06 00 00 01 a7 a7 02 64 44 40 80 
  282 000000000d38 00000000914d38 00064 00044 0003f 00600 00000 0a700 002a7 00 06 00 00 00 a7 a7 02 64 44 3f 80 
  283 000000000d44 00000000914d44 00065 00044 0003f 0060d 00200 08801 002d8 0d 06 00 02 01 88 d8 02 65 44 3f 80 
  284 000000000d50 00000000914d50 00065 00044 0003e 0060e 00200 08801 00228 0e 06 00 02 01 88 28 02 65 44 3e 80 
  285 000000000d5c 00000000914d5c 00064 00044 0003e 00600 00000 0a700 00259 00 06 00 00 00 a7 59 02 64 44 3e 80 
  286 000000000d68 00000000914d68 00064 00044 0003d 0060f 00000 0a701 00259 0f 06 00 00 01 a7 59 02 64 44 3d 80 
  287 000000000d74 00000000914d74 00062 00044 0003c 00600 00000 0a700 00259 00 06 00 00 00 a7 59 02 62 44 3c 80 
  288 000000000d80 00000000914d80 00063 00044 0003c 0060f 00000 0a701 00259 0f 06 00 00 01 a7 59 02 63 44 3c 80 
  289 000000000d8c 00000000914d8c 00061 00044 0003c 00600 00000 0ec00 0023c 00 06 00 00 00 ec 3c 02 61 44 3c 80 
  290 000000000d98 00000000914d98 00062 00044 0003b 0060d 00100 0d801 00278 0d 06 00 01 01 d8 78 02 62 44 3b 80 
  291 000000000da4 00000000914da4 00061 00044 0003b 0060e 00100 00001 0027f 0e 06 00 01 01 00 7f 02 61 44 3b 80 
  292 000000000db0 00000000914db0 00060 00044 0003c 00600 00000 02d00 0022d 00 06 00 00 00 2d 2d 02 60 44 3c 80 
  293 000000000dbc 00000000914dbc 0005f 00044 0003c 00600 00000 05900 00259 00 06 00 00 00 59 59 02 5f 44 3c 80 
  294 000000000dc8 00000000914dc8 00060 00044 0003b 0060d 00100 00001 0027f 0d 06 00 01 01 00 7f 02 60 44 3b 80 
  295 000000000dd4 00000000914dd4 0005f 00044 0003b 0060e 00100 02801 00278 0e 06 00 01 01 28 78 02 5f 44 3b 80 
  296 000000000de0 00000000914de0 0005f 00044 0003d 00600 00000 05900 002a7 00 06 00 00 00 59 a7 02 5f 44 3d 80 
  297 000000000dec 00000000914dec 0005e 00044 0003c 0060d 00000 07801 00228 0d 06 00 00 01 78 28 02 5e 44 3c 80 
  298 000000000df8 00000000914df8 0005e 00044 0003d 0060e 00000 07801 002d8 0e 06 00 00 01 78 d8 02 5e 44 3d 80 
  299 000000000e04 00000000914e04 0005f 00044 00040 00600 00000 05900 00259 00 06 00 00 00 59 59 02 5f 44 40 80 
  300 000000000e10 00000000914e10 0005f 00044 00041 00600 00000 05900 002a7 00 06 00 00 00 59 a7 02 5f 44 41 80 
  301 000000000e1c 00000000914e1c 0005e 00044 00040 0060d 00000 07801 00228 0d 06 00 00 01 78 28 02 5e 44 40 80 
  302 000000000e28 00000000914e28 0005e 00044 00041 0060e 00000 07801 002d8 0e 06 00 00 01 78 d8 02 5e 44 41 80 
  303 000000000e34 00000000914e34 0005f 00044 00042 0060c 00100 05901 002a7 0c 06 00 01 01 59 a7 02 5f 44 42 80 
  304 000000000e40 00000000914e40 00061 00044 00042 00600 00000 01400 002c4 00 06 00 00 00 14 c4 02 61 44 42 80 
  305 000000000e4c 00000000914e4c 00060 00044 00042 00600 00000 05900 002a7 00 06 00 00 00 59 a7 02 60 44 42 80 
  306 000000000e58 00000000914e58 00062 00044 00043 00600 00000 0a700 002a7 00 06 00 00 00 a7 a7 02 62 44 43 80 
  307 000000000e64 00000000914e64 00062 00044 00042 00600 00000 0d300 002d3 00 06 00 00 00 d3 d3 02 62 44 42 80 
  308 000000000e70 00000000914e70 00060 00044 00043 00606 00000 05901 002a7 06 06 00 00 01 59 a7 02 60 44 43 80 
  309 000000000e7c 00000000914e7c 00063 00044 00043 0060d 00200 08801 002d8 0d 06 00 02 01 88 d8 02 63 44 43 80 
  310 000000000e88 00000000914e88 00063 00044 00042 0060e 00200 08101 00200 0e 06 00 02 01 81 00 02 63 44 42 80 
  311 000000000e94 00000000914e94 00061 00044 00043 00600 00000 05900 002a7 00 06 00 00 00 59 a7 02 61 44 43 80 
  312 000000000ea0 00000000914ea0 00061 00044 00044 00610 00200 07101 002c8 10 06 00 02 01 71 c8 02 61 44 44 80 
  313 000000000eac 00000000914eac 00062 00044 00044 00611 00200 08f01 002c8 11 06 00 02 01 8f c8 02 62 44 44 80 
  314 000000000eb8 00000000914eb8 00061 00044 00045 0ff13 00200 00000 00200 13 ff 00 02 00 00 00 02 61 44 45 80 
  315 000000000ec4 00000000914ec4 00062 00044 00045 0ff14 00200 00000 00200 14 ff 00 02 00 00 00 02 62 44 45 80 
  316 000000000ed0 00000000914ed0 00061 00044 00046 0ff13 00200 00000 00200 13 ff 00 02 00 00 00 02 61 44 46 70 
  317 000000000edc 00000000914edc 00062 00044 00046 0ff14 00200 00000 00200 14 ff 00 02 00 00 00 02 62 44 46 70 
  318 000000000ee8 00000000914ee8 00061 00043 00047 0ff15 00200 00000 00100 15 ff 00 02 00 00 00 01 61 43 47 70 
  319 000000000ef4 00000000914ef4 00062 00043 00047 0ff16 00200 00000 00100 16 ff 00 02 00 00 00 01 62 43 47 70 
  320 000000000f00 00000000914f00 00041 00040 00039 0ff13 00200 00000 0ff00 13 ff 00 02 00 00 00 ff 41 40 39 90 
  321 000000000f0c 00000000914f0c 00042 00040 00039 0ff14 00200 00000 0ff00 14 ff 00 02 00 00 00 ff 42 40 39 90 
  322 000000000f18 00000000914f18 00041 00040 0003a 0ff15 00200 00000 0ff00 15 ff 00 02 00 00 00 ff 41 40 3a 70 
  323 000000000f24 00000000914f24 00042 00040 0003a 0ff16 00200 00000 0ff00 16 ff 00 02 00 00 00 ff 42 40 3a 70 
  324 000000000f30 00000000914f30 0004d 00043 0003b 0070d 00000 07801 00328 0d 07 00 00 01 78 28 03 4d 43 3b 78 
  325 000000000f3c 00000000914f3c 0004d 00043 0003c 0070e 00000 07801 003d8 0e 07 00 00 01 78 d8 03 4d 43 3c 78 
  326 000000000f48 00000000914f48 00050 00043 00038 0070e 00100 02801 00378 0e 07 00 01 01 28 78 03 50 43 38 78 
  327 000000000f54 00000000914f54 00051 00043 00038 0070d 00100 0d801 00378 0d 07 00 01 01 d8 78 03 51 43 38 78 
  328 000000000f60 00000000914f60 00041 00040 0003d 0ff16 00000 00000 00000 16 ff 00 00 00 00 00 00 41 40 3d 70 
  329 000000000f6c 00000000914f6c 00042 00040 0003d 0ff15 00000 00000 00000 15 ff 00 00 00 00 00 00 42 40 3d 70 
  330 000000000f78 00000000914f78 00041 00040 00038 0ff10 00200 00001 0ff00 10 ff 00 02 01 00 00 ff 41 40 38 90 
  331 000000000f84 00000000914f84 00042 00040 00038 0ff11 00200 00001 0ff00 11 ff 00 02 01 00 00 ff 42 40 38 90 
  332 000000000f90 00000000914f90 00040 00040 00037 0ff0c 00100 00001 0ff00 0c ff 00 01 01 00 00 ff 40 40 37 90 
  333 000000000f9c 00000000914f9c 00043 00040 00037 0ff0c 00000 00001 0ff00 0c ff 00 00 01 00 00 ff 43 40 37 90 
  334 000000000fa8 00000000914fa8 00041 00040 00037 0ff00 00000 00000 0ff00 00 ff 00 00 00 00 00 ff 41 40 37 90 
  335 000000000fb4 00000000914fb4 00042 00040 00037 0ff00 00000 00000 0ff00 00 ff 00 00 00 00 00 ff 42 40 37 90 
  336 000000000fc0 00000000914fc0 00041 00040 00036 0ff00 00000 00000 0ff00 00 ff 00 00 00 00 00 ff 41 40 36 90 
  337 000000000fcc 00000000914fcc 00042 00040 00036 0ff00 00000 00000 0ff00 00 ff 00 00 00 00 00 ff 42 40 36 90 
  338 000000000fd8 00000000914fd8 00040 00040 00036 0ff00 00000 00000 0ff00 00 ff 00 00 00 00 00 ff 40 40 36 90 
  339 000000000fe4 00000000914fe4 00043 00040 00036 0ff00 00000 00000 0ff00 00 ff 00 00 00 00 00 ff 43 40 36 90 
  340 000000000ff0 00000000914ff0 0003f 00040 00036 0ff0e 00000 00001 0ff00 0e ff 00 00 01 00 00 ff 3f 40 36 90 
  341 000000000ffc 00000000914ffc 00044 00040 00035 0ff0e 00200 00001 0ff00 0e ff 00 02 01 00 00 ff 44 40 35 90 
  342 000000001008 00000000915008 00044 00040 00036 0ff0d 00200 00001 0ff00 0d ff 00 02 01 00 00 ff 44 40 36 90 
  343 000000001014 00000000915014 0003f 00040 00035 0ff0d 00000 00001 0ff00 0d ff 00 00 01 00 00 ff 3f 40 35 90 
  344 000000001020 00000000915020 00040 00040 00035 0ff00 00000 00000 0ff00 00 ff 00 00 00 00 00 ff 40 40 35 90 
  345 00000000102c 0000000091502c 00043 00040 00035 0ff00 00000 00000 0ff00 00 ff 00 00 00 00 00 ff 43 40 35 90 
  346 000000001038 00000000915038 00041 00040 00035 0ff00 00000 00000 0ff00 00 ff 00 00 00 00 00 ff 41 40 35 90 
  347 000000001044 00000000915044 00042 00040 00035 0ff00 00000 00000 0ff00 00 ff 00 00 00 00 00 ff 42 40 35 90 
  348 000000001050 00000000915050 00040 00040 00034 0ff0e 00100 00001 0ff00 0e ff 00 01 01 00 00 ff 40 40 34 90 
  349 00000000105c 0000000091505c 00041 00040 00034 0ff0d 00100 00001 0ff00 0d ff 00 01 01 00 00 ff 41 40 34 90 
  350 000000001068 00000000915068 00042 00040 00034 0ff0e 00100 00001 0ff00 0e ff 00 01 01 00 00 ff 42 40 34 90 
  351 000000001074 00000000915074 00043 00040 00034 0ff0d 00100 00001 0ff00 0d ff 00 01 01 00 00 ff 43 40 34 90 
  352 000000001080 00000000915080 00041 0003f 0003b 0ff17 00000 00000 0ff00 17 ff 00 00 00 00 00 ff 41 3f 3b 90 
  353 00000000108c 0000000091508c 00042 0003f 0003b 0ff18 00000 00000 0ff00 18 ff 00 00 00 00 00 ff 42 3f 3b 90 
  354 000000001098 00000000915098 00041 0003f 0003c 0ff18 00200 00000 0ff00 18 ff 00 02 00 00 00 ff 41 3f 3c 90 
  355 0000000010a4 000000009150a4 00042 0003f 0003c 0ff17 00200 00000 0ff00 17 ff 00 02 00 00 00 ff 42 3f 3c 90 
  356 0000000010b0 000000009150b0 00051 00043 00039 00700 00000 0a700 00359 00 07 00 00 00 a7 59 03 51 43 39 78 
  357 0000000010bc 000000009150bc 00050 00043 00039 00700 00000 05900 00359 00 07 00 00 00 59 59 03 50 43 39 78 
  358 0000000010c8 000000009150c8 00052 00043 00039 0070f 00000 0a701 00359 0f 07 00 00 01 a7 59 03 52 43 39 78 
  359 0000000010d4 000000009150d4 0004f 00043 00039 0070f 00300 05901 00359 0f 07 00 03 01 59 59 03 4f 43 39 78 
  360 0000000010e0 000000009150e0 00052 00043 0003a 00700 00000 0a700 00359 00 07 00 00 00 a7 59 03 52 43 3a 78 
  361 0000000010ec 000000009150ec 00053 00043 0003a 0070f 00000 0a701 00359 0f 07 00 00 01 a7 59 03 53 43 3a 78 
  362 0000000010f8 000000009150f8 0004f 00043 0003a 00700 00000 05900 00359 00 07 00 00 00 59 59 03 4f 43 3a 78 
  363 000000001104 00000000915104 0004e 00043 0003a 0070f 00300 05901 00359 0f 07 00 03 01 59 59 03 4e 43 3a 78 
  364 000000001110 00000000915110 00050 00043 0003a 00700 00000 01400 0033c 00 07 00 00 00 14 3c 03 50 43 3a 78 
  365 00000000111c 0000000091511c 00051 00043 0003a 00700 00000 0ec00 0033c 00 07 00 00 00 ec 3c 03 51 43 3a 78 
  366 000000001128 00000000915128 0004e 00043 0003b 00700 00000 05900 00359 00 07 00 00 00 59 59 03 4e 43 3b 78 
  367 000000001134 00000000915134 0004e 00043 0003c 00700 00000 05900 003a7 00 07 00 00 00 59 a7 03 4e 43 3c 78 
  368 000000001140 00000000915140 00052 00043 0003b 00700 00000 0c400 00314 00 07 00 00 00 c4 14 03 52 43 3b 78 
  369 00000000114c 0000000091514c 0004f 00043 0003b 00700 00000 03c00 00314 00 07 00 00 00 3c 14 03 4f 43 3b 78 
  370 000000001158 00000000915158 00050 00043 0003b 00700 00000 02d00 0032d 00 07 00 00 00 2d 2d 03 50 43 3b 78 
  371 000000001164 00000000915164 00051 00043 0003b 00700 00000 0d300 0032d 00 07 00 00 00 d3 2d 03 51 43 3b 78 
  372 000000001170 00000000915170 00052 00043 0003c 00700 00000 0c400 003ec 00 07 00 00 00 c4 ec 03 52 43 3c 78 
  373 00000000117c 0000000091517c 0004f 00043 0003c 00700 00000 03c00 003ec 00 07 00 00 00 3c ec 03 4f 43 3c 78 
  374 000000001188 00000000915188 00050 00043 0003c 00700 00000 02d00 003d3 00 07 00 00 00 2d d3 03 50 43 3c 78 
  375 000000001194 00000000915194 00051 00043 0003c 00700 00000 0d300 003d3 00 07 00 00 00 d3 d3 03 51 43 3c 78 
  376 0000000011a0 000000009151a0 0004e 00043 0003d 00706 00000 05901 003a7 06 07 00 00 01 59 a7 03 4e 43 3d 78 
  377 0000000011ac 000000009151ac 0004f 00043 0003d 00700 00000 05900 003a7 00 07 00 00 00 59 a7 03 4f 43 3d 78 
  378 0000000011b8 000000009151b8 0004f 00043 0003e 0070f 00200 05901 003a7 0f 07 00 02 01 59 a7 03 4f 43 3e 78 
  379 0000000011c4 000000009151c4 00050 00043 0003d 00700 00000 01400 003c4 00 07 00 00 00 14 c4 03 50 43 3d 78 
  380 0000000011d0 000000009151d0 00051 00043 0003d 00700 00000 0ec00 003c4 00 07 00 00 00 ec c4 03 51 43 3d 78 
  381 0000000011dc 000000009151dc 00050 00043 0003e 00700 00000 05900 003a7 00 07 00 00 00 59 a7 03 50 43 3e 78 
  382 0000000011e8 000000009151e8 00051 00043 0003e 00700 00000 0a700 003a7 00 07 00 00 00 a7 a7 03 51 43 3e 78 
  383 0000000011f4 000000009151f4 00050 00043 0003f 0070d 00300 02801 00388 0d 07 00 03 01 28 88 03 50 43 3f 78 
  384 000000001200 00000000915200 00051 00043 0003f 0070e 00300 0d801 00388 0e 07 00 03 01 d8 88 03 51 43 3f 78 
  385 00000000120c 0000000091520c 00052 00043 0003d 00700 00000 0a700 003a7 00 07 00 00 00 a7 a7 03 52 43 3d 78 
  386 000000001218 00000000915218 00052 00043 0003e 00706 00300 0a701 003a7 06 07 00 03 01 a7 a7 03 52 43 3e 78 
  387 000000001224 00000000915224 00053 00043 0003d 0070f 00100 0a701 003a7 0f 07 00 01 01 a7 a7 03 53 43 3d 78 
  388 000000001230 00000000915230 00053 00043 0003b 00700 00000 0a700 00359 00 07 00 00 00 a7 59 03 53 43 3b 78 
  389 00000000123c 0000000091523c 00053 00043 0003c 00700 00000 0a700 003a7 00 07 00 00 00 a7 a7 03 53 43 3c 78 
  390 000000001248 00000000915248 00054 00043 0003b 0070e 00200 08801 00328 0e 07 00 02 01 88 28 03 54 43 3b 78 
  391 000000001254 00000000915254 00054 00043 0003c 0070d 00200 08801 003d8 0d 07 00 02 01 88 d8 03 54 43 3c 78 
  392 000000001260 00000000915260 0004b 00040 00044 0ff06 00100 00001 0ff00 06 ff 00 01 01 00 00 ff 4b 40 44 80 
  393 00000000126c 0000000091526c 0004b 00040 00045 0ff00 00000 00000 0ff00 00 ff 00 00 00 00 00 ff 4b 40 45 80 
  394 000000001278 00000000915278 0004b 00040 00046 0ff00 00000 00000 0ff00 00 ff 00 00 00 00 00 ff 4b 40 46 80 
  395 000000001284 00000000915284 0004a 00040 00045 0ff10 00300 00001 0ff00 10 ff 00 03 01 00 00 ff 4a 40 45 80 
  396 000000001290 00000000915290 0004a 00040 00046 0ff11 00300 00001 0ff00 11 ff 00 03 01 00 00 ff 4a 40 46 80 
  397 00000000129c 0000000091529c 0004e 00040 00046 0ff06 00200 00001 0ff00 06 ff 00 02 01 00 00 ff 4e 40 46 80 
  398 0000000012a8 000000009152a8 0004d 00040 00049 0ff06 00000 00001 0ff00 06 ff 00 00 01 00 00 ff 4d 40 49 80 
  399 0000000012b4 000000009152b4 00044 0003f 00046 0ff15 00100 00000 0ff00 15 ff 00 01 00 00 00 ff 44 3f 46 90 
  400 0000000012c0 000000009152c0 00044 0003f 00045 0ff16 00100 00000 0ff00 16 ff 00 01 00 00 00 ff 44 3f 45 90 
  401 0000000012cc 000000009152cc 00046 0003f 00045 0ff1b 00100 00000 0ff00 1b ff 00 01 00 00 00 ff 46 3f 45 90 
  402 0000000012d8 000000009152d8 00046 0003f 00046 0ff1c 00100 00000 0ff00 1c ff 00 01 00 00 00 ff 46 3f 46 90 
  403 0000000012e4 000000009152e4 00047 0003f 00046 0ff1b 00300 00000 0ff00 1b ff 00 03 00 00 00 ff 47 3f 46 90 
  404 0000000012f0 000000009152f0 00047 0003f 00045 0ff1c 00300 00000 0ff00 1c ff 00 03 00 00 00 ff 47 3f 45 90 
  405 0000000012fc 000000009152fc 00049 0003f 00046 0ff16 00300 00000 0ff00 16 ff 00 03 00 00 00 ff 49 3f 46 90 
  406 000000001308 00000000915308 00049 0003f 00045 0ff15 00300 00000 0ff00 15 ff 00 03 00 00 00 ff 49 3f 45 90 
  407 000000001314 00000000915314 0004c 00040 00048 0ff00 00100 00000 0ff00 00 ff 00 01 00 00 00 ff 4c 40 48 80 
  408 000000001320 00000000915320 0004c 00040 00047 0ff00 00100 00000 0ff00 00 ff 00 01 00 00 00 ff 4c 40 47 80 
  409 00000000132c 0000000091532c 0004d 00040 00048 0ff00 00300 00000 0ff00 00 ff 00 03 00 00 00 ff 4d 40 48 80 
  410 000000001338 00000000915338 0004d 00040 00047 0ff00 00300 00000 0ff00 00 ff 00 03 00 00 00 ff 4d 40 47 80 
  411 000000001344 00000000915344 0004c 00040 00045 0ff00 00000 00000 0ff00 00 ff 00 00 00 00 00 ff 4c 40 45 80 
  412 000000001350 00000000915350 0004d 00040 00046 0ff00 00300 00000 0ff00 00 ff 00 03 00 00 00 ff 4d 40 46 80 
  413 00000000135c 0000000091535c 0004d 00040 00045 0ff00 00000 00000 0ff00 00 ff 00 00 00 00 00 ff 4d 40 45 80 
  414 000000001368 00000000915368 0004d 00040 00044 0ff00 00000 00000 0ff00 00 ff 00 00 00 00 00 ff 4d 40 44 80 
  415 000000001374 00000000915374 0004e 00040 00045 0ff0d 00200 00001 0ff00 0d ff 00 02 01 00 00 ff 4e 40 45 80 
  416 000000001380 00000000915380 0004e 00040 00044 0ff0e 00200 00001 0ff00 0e ff 00 02 01 00 00 ff 4e 40 44 80 
  417 00000000138c 0000000091538c 0004c 00040 00046 0ff00 00000 00000 0ff00 00 ff 00 00 00 00 00 ff 4c 40 46 80 
  418 000000001398 00000000915398 0004c 00040 00043 0ff0e 00100 00001 0ff00 0e ff 00 01 01 00 00 ff 4c 40 43 80 
  419 0000000013a4 000000009153a4 0004d 00040 00043 0ff0d 00100 00001 0ff00 0d ff 00 01 01 00 00 ff 4d 40 43 80 
  420 0000000013b0 000000009153b0 00045 0003f 00045 0ff17 00100 00000 0ff00 17 ff 00 01 00 00 00 ff 45 3f 45 90 
  421 0000000013bc 000000009153bc 0004b 00040 00047 0ff00 00000 00000 0ff00 00 ff 00 00 00 00 00 ff 4b 40 47 80 
  422 0000000013c8 000000009153c8 00045 0003f 00046 0ff17 00300 00000 0ff00 17 ff 00 03 00 00 00 ff 45 3f 46 90 
  423 0000000013d4 000000009153d4 0004b 00040 00048 0ff00 00000 00000 0ff00 00 ff 00 00 00 00 00 ff 4b 40 48 80 
  424 0000000013e0 000000009153e0 0004a 00040 00048 0ff0e 00000 00001 0ff00 0e ff 00 00 01 00 00 ff 4a 40 48 80 
  425 0000000013ec 000000009153ec 0004a 00040 00047 0ff0d 00000 00001 0ff00 0d ff 00 00 01 00 00 ff 4a 40 47 80 
  426 0000000013f8 000000009153f8 0004b 00040 00049 0ff0d 00300 00001 0ff00 0d ff 00 03 01 00 00 ff 4b 40 49 80 
  427 000000001404 00000000915404 0004c 00040 00049 0ff0e 00300 00001 0ff00 0e ff 00 03 01 00 00 ff 4c 40 49 80 
  428 000000001410 00000000915410 00048 0003f 00045 0ff17 00100 00000 0ff00 17 ff 00 01 00 00 00 ff 48 3f 45 90 
  429 00000000141c 0000000091541c 00048 0003f 00046 0ff17 00300 00000 0ff00 17 ff 00 03 00 00 00 ff 48 3f 46 90 
  430 000000001428 00000000915428 00051 00041 00049 0ff1d 00000 00000 0ff00 1d ff 00 00 00 00 00 ff 51 41 49 80 
  431 000000001434 00000000915434 00040 00040 00040 0001e 00000 04000 00000 1e 00 00 00 00 40 00 00 40 40 40 80 
  432 000000001440 00000000915440 00051 00041 0004a 0ff1d 00100 00000 0ff00 1d ff 00 01 00 00 00 ff 51 41 4a 80 
  433 00000000144c 0000000091544c 00050 00041 00049 0ff1d 00000 00000 0ff00 1d ff 00 00 00 00 00 ff 50 41 49 80 
  434 000000001458 00000000915458 00050 00041 0004a 0ff1d 00000 00000 0ff00 1d ff 00 00 00 00 00 ff 50 41 4a 80 
  435 000000001464 00000000915464 00051 00042 00049 0ff1d 00000 00000 0ff00 1d ff 00 00 00 00 00 ff 51 42 49 80 
  436 000000001470 00000000915470 00051 00042 0004a 0ff1d 00100 00000 0ff00 1d ff 00 01 00 00 00 ff 51 42 4a 80 
  437 00000000147c 0000000091547c 00050 00042 00049 0ff1d 00000 00000 0ff00 1d ff 00 00 00 00 00 ff 50 42 49 80 
  438 000000001488 00000000915488 00050 00042 0004a 0ff1d 00000 00000 0ff00 1d ff 00 00 00 00 00 ff 50 42 4a 80 
  439 000000001494 00000000915494 00051 00043 00049 0ff1d 00000 00000 0ff00 1d ff 00 00 00 00 00 ff 51 43 49 80 
  440 0000000014a0 000000009154a0 00051 00043 0004a 0ff1d 00100 00000 0ff00 1d ff 00 01 00 00 00 ff 51 43 4a 80 
  441 0000000014ac 000000009154ac 00050 00043 00049 0ff1d 00000 00000 0ff00 1d ff 00 00 00 00 00 ff 50 43 49 80 
  442 0000000014b8 000000009154b8 00050 00043 0004a 0ff1d 00000 00000 0ff00 1d ff 00 00 00 00 00 ff 50 43 4a 80 
  443 0000000014c4 000000009154c4 00062 00044 0004b 0ff1d 00000 00000 0ff00 1d ff 00 00 00 00 00 ff 62 44 4b 78 
  444 0000000014d0 000000009154d0 00062 00044 0004c 0ff1d 00100 00000 0ff00 1d ff 00 01 00 00 00 ff 62 44 4c 78 
  445 0000000014dc 000000009154dc 00061 00044 0004b 0ff1d 00000 00000 0ff00 1d ff 00 00 00 00 00 ff 61 44 4b 78 
  446 0000000014e8 000000009154e8 00061 00044 0004c 0ff1d 00000 00000 0ff00 1d ff 00 00 00 00 00 ff 61 44 4c 78 
  447 0000000014f4 000000009154f4 00062 00045 0004b 0ff1d 00000 00000 0ff00 1d ff 00 00 00 00 00 ff 62 45 4b 78 
  448 000000001500 00000000915500 00062 00045 0004c 0ff1d 00100 00000 0ff00 1d ff 00 01 00 00 00 ff 62 45 4c 78 
  449 00000000150c 0000000091550c 00061 00045 0004b 0ff1d 00000 00000 0ff00 1d ff 00 00 00 00 00 ff 61 45 4b 78 
  450 000000001518 00000000915518 00061 00045 0004c 0ff1d 00000 00000 0ff00 1d ff 00 00 00 00 00 ff 61 45 4c 78 
  451 000000001524 00000000915524 00062 00046 0004b 0ff1d 00000 00000 0ff00 1d ff 00 00 00 00 00 ff 62 46 4b 78 
  452 000000001530 00000000915530 00062 00046 0004c 0ff1d 00100 00000 0ff00 1d ff 00 01 00 00 00 ff 62 46 4c 78 
  453 00000000153c 0000000091553c 00061 00046 0004b 0ff1d 00000 00000 0ff00 1d ff 00 00 00 00 00 ff 61 46 4b 78 
  454 000000001548 00000000915548 00061 00046 0004c 0ff1d 00000 00000 0ff00 1d ff 00 00 00 00 00 ff 61 46 4c 78 
  455 000000001554 00000000915554  BLANK  BLANK  BLANK 0ff00 00000 00000 0ff00 00 ff 00 00 00 00 00 ff ff 00 00 00 
  456 000000001560 00000000915560  BLANK  BLANK  BLANK 0ff00 00000 00001 0ff00 00 ff 00 00 01 00 00 ff ff 00 00 00 
  457 00000000156c 0000000091556c  BLANK  BLANK  BLANK 0ff00 00000 00001 0ff00 00 ff 00 00 01 00 00 ff ff 00 00 00 
  458 000000001578 00000000915578  BLANK  BLANK  BLANK 0ff00 00000 00000 0ff00 00 ff 00 00 00 00 00 ff ff 00 00 00 
  459 000000001584 00000000915584  BLANK  BLANK  BLANK 0ff00 00000 00000 0ff00 00 ff 00 00 00 00 00 ff ff 00 00 00 
  460 000000001590 00000000915590  BLANK  BLANK  BLANK 0ff00 00000 00000 0ff00 00 ff 00 00 00 00 00 ff ff 00 00 00 
  461 00000000159c 0000000091559c  BLANK  BLANK  BLANK 0ff00 00000 00000 0ff00 00 ff 00 00 00 00 00 ff ff 00 00 00 
  462 0000000015a8 000000009155a8  BLANK  BLANK  BLANK 0ff00 00000 00000 0ff00 00 ff 00 00 00 00 00 ff ff 00 00 00 
  463 0000000015b4 000000009155b4  BLANK  BLANK  BLANK 0ff00 00000 00000 0ff00 00 ff 00 00 00 00 00 ff ff 00 00 00 
  464 0000000015c0 000000009155c0  BLANK  BLANK  BLANK 0ff00 00000 00000 0ff00 00 ff 00 00 00 00 00 ff ff 00 00 00 
  465 0000000015cc 000000009155cc  BLANK  BLANK  BLANK 0ff00 00000 00000 0ff00 00 ff 00 00 00 00 00 ff ff 00 00 00 
  466 0000000015d8 000000009155d8  BLANK  BLANK  BLANK 0ff00 00000 00000 0ff00 00 ff 00 00 00 00 00 ff ff 00 00 00 
  467 0000000015e4 000000009155e4  BLANK  BLANK  BLANK 0ff00 00000 00000 0ff00 00 ff 00 00 00 00 00 ff ff 00 00 00 
  468 0000000015f0 000000009155f0  BLANK  BLANK  BLANK 0ff00 00000 00001 0ff00 00 ff 00 00 01 00 00 ff ff 00 00 00 
  469 0000000015fc 000000009155fc  BLANK  BLANK  BLANK 0ff00 00000 00001 0ff00 00 ff 00 00 01 00 00 ff ff 00 00 00 
  470 000000001608 00000000915608  BLANK  BLANK  BLANK 0ff00 00000 00001 0ff00 00 ff 00 00 01 00 00 ff ff 00 00 00 
  471 000000001614 00000000915614  BLANK  BLANK  BLANK 0ff00 00000 00001 0ff00 00 ff 00 00 01 00 00 ff ff 00 00 00 
  472 000000001620 00000000915620  BLANK  BLANK  BLANK 0ff00 00000 00000 0ff00 00 ff 00 00 00 00 00 ff ff 00 00 00 
  473 00000000162c 0000000091562c  BLANK  BLANK  BLANK 0ff00 00000 00000 0ff00 00 ff 00 00 00 00 00 ff ff 00 00 00 
  474 000000001638 00000000915638  BLANK  BLANK  BLANK 0ff00 00000 00001 0ff00 00 ff 00 00 01 00 00 ff ff 00 00 00 
  475 000000001644 00000000915644  BLANK  BLANK  BLANK 0ff00 00000 00001 0ff00 00 ff 00 00 01 00 00 ff ff 00 00 00 
  476 000000001650 00000000915650  BLANK  BLANK  BLANK 0ff00 00000 00001 0ff00 00 ff 00 00 01 00 00 ff ff 00 00 00 
  477 00000000165c 0000000091565c  BLANK  BLANK  BLANK 0ff00 00000 00001 0ff00 00 ff 00 00 01 00 00 ff ff 00 00 00 
  478 000000001668 00000000915668  BLANK  BLANK  BLANK 0ff00 00000 00000 0ff00 00 ff 00 00 00 00 00 ff ff 00 00 00 
  479 000000001674 00000000915674  BLANK  BLANK  BLANK 0ff00 00000 00000 0ff00 00 ff 00 00 00 00 00 ff ff 00 00 00 
  480 000000001680 00000000915680  BLANK  BLANK  BLANK 0ff00 00000 00000 0ff00 00 ff 00 00 00 00 00 ff ff 00 00 00 
  481 00000000168c 0000000091568c  BLANK  BLANK  BLANK 0ff00 00000 00000 0ff00 00 ff 00 00 00 00 00 ff ff 00 00 00 
  482 000000001698 00000000915698  BLANK  BLANK  BLANK 0ff00 00000 00000 0ff00 00 ff 00 00 00 00 00 ff ff 00 00 00 
  483 0000000016a4 000000009156a4  BLANK  BLANK  BLANK 0ff00 00000 00000 0ff00 00 ff 00 00 00 00 00 ff ff 00 00 00 
  484 0000000016b0 000000009156b0  BLANK  BLANK  BLANK 0ff00 00000 00001 0ff00 00 ff 00 00 01 00 00 ff ff 00 00 00 
  485 0000000016bc 000000009156bc  BLANK  BLANK  BLANK 0ff00 00000 00001 0ff00 00 ff 00 00 01 00 00 ff ff 00 00 00 
  486 0000000016c8 000000009156c8  BLANK  BLANK  BLANK 0ff00 00000 00001 0ff00 00 ff 00 00 01 00 00 ff ff 00 00 00 
  487 0000000016d4 000000009156d4  BLANK  BLANK  BLANK 0ff00 00000 00001 0ff00 00 ff 00 00 01 00 00 ff ff 00 00 00 
  488 0000000016e0 000000009156e0  BLANK  BLANK  BLANK 0ff00 00000 00000 0ff00 00 ff 00 00 00 00 00 ff ff 00 00 00 
  489 0000000016ec 000000009156ec  BLANK  BLANK  BLANK 0ff00 00000 00000 0ff00 00 ff 00 00 00 00 00 ff ff 00 00 00 
  490 0000000016f8 000000009156f8  BLANK  BLANK  BLANK 0ff00 00000 00000 0ff00 00 ff 00 00 00 00 00 ff ff 00 00 00 
  491 000000001704 00000000915704  BLANK  BLANK  BLANK 0ff00 00000 00000 0ff00 00 ff 00 00 00 00 00 ff ff 00 00 00 
  492 000000001710 00000000915710  BLANK  BLANK  BLANK 0ff00 00000 00001 0ff00 00 ff 00 00 01 00 00 ff ff 00 00 00 
  493 00000000171c 0000000091571c  BLANK  BLANK  BLANK 0ff00 00000 00001 0ff00 00 ff 00 00 01 00 00 ff ff 00 00 00 
  494 000000001728 00000000915728  BLANK  BLANK  BLANK 0ff00 00000 00001 0ff00 00 ff 00 00 01 00 00 ff ff 00 00 00 
  495 000000001734 00000000915734  BLANK  BLANK  BLANK 0ff00 00000 00001 0ff00 00 ff 00 00 01 00 00 ff ff 00 00 00 
  496 000000001740 00000000915740  BLANK  BLANK  BLANK 0ff00 00000 00000 0ff00 00 ff 00 00 00 00 00 ff ff 00 00 00 
  497 00000000174c 0000000091574c  BLANK  BLANK  BLANK 0ff00 00000 00000 0ff00 00 ff 00 00 00 00 00 ff ff 00 00 00 
  498 000000001758 00000000915758  BLANK  BLANK  BLANK 0ff00 00000 00000 0ff00 00 ff 00 00 00 00 00 ff ff 00 00 00 
  499 000000001764 00000000915764  BLANK  BLANK  BLANK 0ff00 00000 00000 0ff00 00 ff 00 00 00 00 00 ff ff 00 00 00 
  500 000000001770 00000000915770  BLANK  BLANK  BLANK 0ff00 00000 00000 0ff00 00 ff 00 00 00 00 00 ff ff 00 00 00 
  501 00000000177c 0000000091577c  BLANK  BLANK  BLANK 0ff00 00000 00000 0ff00 00 ff 00 00 00 00 00 ff ff 00 00 00 
  502 000000001788 00000000915788  BLANK  BLANK  BLANK 0ff00 00000 00001 0ff00 00 ff 00 00 01 00 00 ff ff 00 00 00 
  503 000000001794 00000000915794  BLANK  BLANK  BLANK 0ff00 00000 00001 0ff00 00 ff 00 00 01 00 00 ff ff 00 00 00 
  504 0000000017a0 000000009157a0  BLANK  BLANK  BLANK 0ff00 00000 00000 0ff00 00 ff 00 00 00 00 00 ff ff 00 00 00 
  505 0000000017ac 000000009157ac  BLANK  BLANK  BLANK 0ff00 00000 00001 0ff00 00 ff 00 00 01 00 00 ff ff 00 00 00 
  506 0000000017b8 000000009157b8  BLANK  BLANK  BLANK 0ff00 00000 00000 0ff00 00 ff 00 00 00 00 00 ff ff 00 00 00 
  507 0000000017c4 000000009157c4  BLANK  BLANK  BLANK 0ff00 00000 00001 0ff00 00 ff 00 00 01 00 00 ff ff 00 00 00 
  508 0000000017d0 000000009157d0  BLANK  BLANK  BLANK 0ff00 00000 00000 0ff00 00 ff 00 00 00 00 00 ff ff 00 00 00 
  509 0000000017dc 000000009157dc  BLANK  BLANK  BLANK 0ff00 00000 00000 0ff00 00 ff 00 00 00 00 00 ff ff 00 00 00 
  510 0000000017e8 000000009157e8  BLANK  BLANK  BLANK 0ff00 00000 00000 0ff00 00 ff 00 00 00 00 00 ff ff 00 00 00 
  511 0000000017f4 000000009157f4  BLANK  BLANK  BLANK 0ff00 00000 00000 0ff00 00 ff 00 00 00 00 00 ff ff 00 00 00 

========================================================================================================================
Summary for fire_world_ashen_cavern:
  Total tiles: 512
  Non-blank tiles: 455
  Blank tiles: 57
