Area: fire_world_molten_cavern
Index: 17
========================================================================================================================

Tile Format (12 bytes = 0x0C):
  Offset 0x00-0x01: x position (UInt16)
  Offset 0x02-0x03: y position (UInt16)
  Offset 0x04-0x05: z position (UInt16)
  Offset 0x06-0x07: rotation_z (UInt16)
  Offset 0x08: tileX (UInt8) - blank if 0xFF
  Offset 0x09: tileY (UInt8)
  Offset 0x0A: tileZ (UInt8)
  Offset 0x0B: unknown (UInt8)
========================================================================================================================

Index OffsetInFile AbsoluteOffset TileX TileY TileZ PosX  PosY  PosZ  RotZ  RawBytes (hex)
------------------------------------------------------------------------------------------------------------------------
    0 000000000000 00000000b2c800 00040 00040 00040 00000 00000 00000 00000 00 00 00 00 00 00 00 00 40 40 40 80 
    1 00000000000c 00000000b2c80c 00040 00040 00041 00001 00000 00000 00000 01 00 00 00 00 00 00 00 40 40 41 70 
    2 000000000018 00000000b2c818 00040 00040 00042 00002 00000 00000 00000 02 00 00 00 00 00 00 00 40 40 42 70 
    3 000000000024 00000000b2c824 00040 00040 00043 00003 00300 00000 00000 03 00 00 03 00 00 00 00 40 40 43 70 
    4 000000000030 00000000b2c830 00041 00040 00043 00004 00300 00000 00000 04 00 00 03 00 00 00 00 41 40 43 70 
    5 00000000003c 00000000b2c83c 00041 00040 00042 00003 00200 00000 00000 03 00 00 02 00 00 00 00 41 40 42 70 
    6 000000000048 00000000b2c848 00041 00040 00041 00005 00000 00000 00000 05 00 00 00 00 00 00 00 41 40 41 70 
    7 000000000054 00000000b2c854 0003f 00040 00041 00006 00000 00000 00000 06 00 00 00 00 00 00 00 3f 40 41 70 
    8 000000000060 00000000b2c860 0003f 00040 00042 00003 00000 00000 00000 03 00 00 00 00 00 00 00 3f 40 42 70 
    9 00000000006c 00000000b2c86c 0003f 00040 00043 00004 00000 00000 00000 04 00 00 00 00 00 00 00 3f 40 43 70 
   10 000000000078 00000000b2c878 00042 00040 00044 00007 00100 00000 00000 07 00 00 01 00 00 00 00 42 40 44 80 
   11 000000000084 00000000b2c884 00042 00040 00043 00008 00000 00000 00000 08 00 00 00 00 00 00 00 42 40 43 80 
   12 000000000090 00000000b2c890 00042 00040 00042 00009 00000 00000 00000 09 00 00 00 00 00 00 00 42 40 42 80 
   13 00000000009c 00000000b2c89c 00042 00040 00041 0000a 00000 00000 00000 0a 00 00 00 00 00 00 00 42 40 41 80 
   14 0000000000a8 00000000b2c8a8 00042 00040 00040 00007 00000 00000 00000 07 00 00 00 00 00 00 00 42 40 40 80 
   15 0000000000b4 00000000b2c8b4 0003e 00040 00044 00007 00200 00000 00000 07 00 00 02 00 00 00 00 3e 40 44 80 
   16 0000000000c0 00000000b2c8c0 0003e 00040 00043 0000a 00200 00000 00000 0a 00 00 02 00 00 00 00 3e 40 43 80 
   17 0000000000cc 00000000b2c8cc 0003e 00040 00042 00009 00200 00000 00000 09 00 00 02 00 00 00 00 3e 40 42 80 
   18 0000000000d8 00000000b2c8d8 0003e 00040 00041 00008 00200 00000 00000 08 00 00 02 00 00 00 00 3e 40 41 80 
   19 0000000000e4 00000000b2c8e4 0003e 00040 00040 00007 00300 00000 00000 07 00 00 03 00 00 00 00 3e 40 40 80 
   20 0000000000f0 00000000b2c8f0 0003f 00040 00044 00008 00100 00000 00000 08 00 00 01 00 00 00 00 3f 40 44 80 
   21 0000000000fc 00000000b2c8fc 00040 00040 00044 00009 00100 00000 00000 09 00 00 01 00 00 00 00 40 40 44 80 
   22 000000000108 00000000b2c908 00041 00040 00044 0000a 00100 00000 00000 0a 00 00 01 00 00 00 00 41 40 44 80 
   23 000000000114 00000000b2c914 0003f 00040 00040 0000b 00000 00000 00000 0b 00 00 00 00 00 00 00 3f 40 40 80 
   24 000000000120 00000000b2c920 00041 00040 00040 0000c 00000 00000 00000 0c 00 00 00 00 00 00 00 41 40 40 80 
   25 00000000012c 00000000b2c92c 00040 00040 0003f 0000d 00000 00000 00000 0d 00 00 00 00 00 00 00 40 40 3f 80 
   26 000000000138 00000000b2c938 00041 00040 0003f 0000e 00000 00000 00000 0e 00 00 00 00 00 00 00 41 40 3f 80 
   27 000000000144 00000000b2c944 00042 00040 0003f 0000f 00000 00000 00000 0f 00 00 00 00 00 00 00 42 40 3f 80 
   28 000000000150 00000000b2c950 0003f 00040 0003f 0000e 00200 00000 00000 0e 00 00 02 00 00 00 00 3f 40 3f 80 
   29 00000000015c 00000000b2c95c 0003e 00040 0003f 0000f 00200 00000 00000 0f 00 00 02 00 00 00 00 3e 40 3f 80 
   30 000000000168 00000000b2c968 00040 00040 0003e 0000f 00000 00000 00000 0f 00 00 00 00 00 00 00 40 40 3e 80 
   31 000000000174 00000000b2c974 00041 00040 0003e 0000e 00000 00000 00000 0e 00 00 00 00 00 00 00 41 40 3e 80 
   32 000000000180 00000000b2c980 00042 00040 0003e 0000f 00000 00000 00000 0f 00 00 00 00 00 00 00 42 40 3e 80 
   33 00000000018c 00000000b2c98c 0003f 00040 0003e 0000f 00200 00000 00000 0f 00 00 02 00 00 00 00 3f 40 3e 80 
   34 000000000198 00000000b2c998 0003e 00040 0003e 0000f 00200 00000 00000 0f 00 00 02 00 00 00 00 3e 40 3e 80 
   35 0000000001a4 00000000b2c9a4 00040 00040 0003d 0000d 00200 00000 00040 0d 00 00 02 00 00 40 00 40 40 3d 80 
   36 0000000001b0 00000000b2c9b0 00041 00040 0003d 0000e 00000 00000 00040 0e 00 00 00 00 00 40 00 41 40 3d 80 
   37 0000000001bc 00000000b2c9bc 00042 00040 0003d 0000f 00000 00000 00040 0f 00 00 00 00 00 40 00 42 40 3d 80 
   38 0000000001c8 00000000b2c9c8 0003f 00040 0003d 00010 00200 00000 00040 10 00 00 02 00 00 40 00 3f 40 3d 80 
   39 0000000001d4 00000000b2c9d4 0003e 00040 0003d 0000f 00200 00000 00040 0f 00 00 02 00 00 40 00 3e 40 3d 80 
   40 0000000001e0 00000000b2c9e0 00043 00040 0003f 0000f 00000 00000 00000 0f 00 00 00 00 00 00 00 43 40 3f 80 
   41 0000000001ec 00000000b2c9ec 00043 00040 0003e 0000f 00000 00000 00000 0f 00 00 00 00 00 00 00 43 40 3e 80 
   42 0000000001f8 00000000b2c9f8 00043 00040 0003d 0000f 00000 00000 00040 0f 00 00 00 00 00 40 00 43 40 3d 80 
   43 000000000204 00000000b2ca04 00043 00040 00042 0000f 00000 00000 00000 0f 00 00 00 00 00 00 00 43 40 42 80 
   44 000000000210 00000000b2ca10 00043 00040 00041 0000f 00000 00000 00000 0f 00 00 00 00 00 00 00 43 40 41 80 
   45 00000000021c 00000000b2ca1c 00043 00040 00040 0000f 00000 00000 00000 0f 00 00 00 00 00 00 00 43 40 40 80 
   46 000000000228 00000000b2ca28 00043 00040 00043 0000f 00000 00000 00000 0f 00 00 00 00 00 00 00 43 40 43 80 
   47 000000000234 00000000b2ca34 00043 00040 00044 0000f 00000 00000 00000 0f 00 00 00 00 00 00 00 43 40 44 80 
   48 000000000240 00000000b2ca40 0003d 00040 0003f 0000f 00000 00000 00000 0f 00 00 00 00 00 00 00 3d 40 3f 80 
   49 00000000024c 00000000b2ca4c 0003d 00040 0003e 0000f 00000 00000 00000 0f 00 00 00 00 00 00 00 3d 40 3e 80 
   50 000000000258 00000000b2ca58 0003d 00040 0003d 0000f 00000 00000 00040 0f 00 00 00 00 00 40 00 3d 40 3d 80 
   51 000000000264 00000000b2ca64 0003d 00040 00042 0000f 00000 00000 00000 0f 00 00 00 00 00 00 00 3d 40 42 80 
   52 000000000270 00000000b2ca70 0003d 00040 00041 0000f 00000 00000 00000 0f 00 00 00 00 00 00 00 3d 40 41 80 
   53 00000000027c 00000000b2ca7c 0003d 00040 00040 0000f 00000 00000 00000 0f 00 00 00 00 00 00 00 3d 40 40 80 
   54 000000000288 00000000b2ca88 0003d 00040 00043 0000f 00000 00000 00000 0f 00 00 00 00 00 00 00 3d 40 43 80 
   55 000000000294 00000000b2ca94 0003d 00040 00044 0000f 00000 00000 00000 0f 00 00 00 00 00 00 00 3d 40 44 80 
   56 0000000002a0 00000000b2caa0 00043 00040 00045 0000f 00000 00000 00000 0f 00 00 00 00 00 00 00 43 40 45 80 
   57 0000000002ac 00000000b2caac 00042 00040 00045 00010 00300 00000 00000 10 00 00 03 00 00 00 00 42 40 45 80 
   58 0000000002b8 00000000b2cab8 00041 00040 00045 0000f 00000 00000 00000 0f 00 00 00 00 00 00 00 41 40 45 80 
   59 0000000002c4 00000000b2cac4 00040 00040 00045 0000f 00000 00000 00000 0f 00 00 00 00 00 00 00 40 40 45 80 
   60 0000000002d0 00000000b2cad0 0003f 00040 00045 0000f 00000 00000 00000 0f 00 00 00 00 00 00 00 3f 40 45 80 
   61 0000000002dc 00000000b2cadc 0003e 00040 00045 0000f 00000 00000 00000 0f 00 00 00 00 00 00 00 3e 40 45 80 
   62 0000000002e8 00000000b2cae8 0003d 00040 00045 00011 00000 00000 00000 11 00 00 00 00 00 00 00 3d 40 45 80 
   63 0000000002f4 00000000b2caf4 00044 00040 0003d 0000f 00000 00000 00040 0f 00 00 00 00 00 40 00 44 40 3d 80 
   64 000000000300 00000000b2cb00 00044 00040 0003e 0000f 00000 00000 00000 0f 00 00 00 00 00 00 00 44 40 3e 80 
   65 00000000030c 00000000b2cb0c 00044 00040 0003f 0000f 00000 00000 00000 0f 00 00 00 00 00 00 00 44 40 3f 80 
   66 000000000318 00000000b2cb18 00044 00040 00040 0000f 00000 00000 00000 0f 00 00 00 00 00 00 00 44 40 40 80 
   67 000000000324 00000000b2cb24 00044 00040 00041 0000f 00000 00000 00000 0f 00 00 00 00 00 00 00 44 40 41 80 
   68 000000000330 00000000b2cb30 00044 00040 00042 0000f 00000 00000 00000 0f 00 00 00 00 00 00 00 44 40 42 80 
   69 00000000033c 00000000b2cb3c 00044 00040 00043 0000f 00000 00000 00000 0f 00 00 00 00 00 00 00 44 40 43 80 
   70 000000000348 00000000b2cb48 00044 00040 00044 0000f 00000 00000 00000 0f 00 00 00 00 00 00 00 44 40 44 80 
   71 000000000354 00000000b2cb54 00044 00040 00045 0000f 00000 00000 00000 0f 00 00 00 00 00 00 00 44 40 45 80 
   72 000000000360 00000000b2cb60 0003c 00040 0003d 0000f 00000 00000 00040 0f 00 00 00 00 00 40 00 3c 40 3d 80 
   73 00000000036c 00000000b2cb6c 0003c 00040 0003e 0000f 00000 00000 00000 0f 00 00 00 00 00 00 00 3c 40 3e 80 
   74 000000000378 00000000b2cb78 0003c 00040 0003f 0000f 00000 00000 00000 0f 00 00 00 00 00 00 00 3c 40 3f 80 
   75 000000000384 00000000b2cb84 0003c 00040 00040 0000f 00000 00000 00000 0f 00 00 00 00 00 00 00 3c 40 40 80 
   76 000000000390 00000000b2cb90 0003c 00040 00041 0000f 00000 00000 00000 0f 00 00 00 00 00 00 00 3c 40 41 80 
   77 00000000039c 00000000b2cb9c 0003c 00040 00042 0000f 00000 00000 00000 0f 00 00 00 00 00 00 00 3c 40 42 80 
   78 0000000003a8 00000000b2cba8 0003c 00040 00043 0000f 00000 00000 00000 0f 00 00 00 00 00 00 00 3c 40 43 80 
   79 0000000003b4 00000000b2cbb4 0003c 00040 00044 0000f 00000 00000 00000 0f 00 00 00 00 00 00 00 3c 40 44 80 
   80 0000000003c0 00000000b2cbc0 0003c 00040 00045 0000f 00000 00000 00000 0f 00 00 00 00 00 00 00 3c 40 45 80 
   81 0000000003cc 00000000b2cbcc 0003c 00040 00046 0000f 00000 00000 00000 0f 00 00 00 00 00 00 00 3c 40 46 80 
   82 0000000003d8 00000000b2cbd8 0003d 00040 00046 0000f 00000 00000 00000 0f 00 00 00 00 00 00 00 3d 40 46 80 
   83 0000000003e4 00000000b2cbe4 0003e 00040 00046 0000f 00000 00000 00000 0f 00 00 00 00 00 00 00 3e 40 46 80 
   84 0000000003f0 00000000b2cbf0 0003f 00040 00046 0000f 00000 00000 00000 0f 00 00 00 00 00 00 00 3f 40 46 80 
   85 0000000003fc 00000000b2cbfc 00040 00040 00046 0000f 00000 00000 00000 0f 00 00 00 00 00 00 00 40 40 46 80 
   86 000000000408 00000000b2cc08 00041 00040 00046 0000f 00000 00000 00000 0f 00 00 00 00 00 00 00 41 40 46 80 
   87 000000000414 00000000b2cc14 00042 00040 00046 0000f 00000 00000 00000 0f 00 00 00 00 00 00 00 42 40 46 80 
   88 000000000420 00000000b2cc20 00043 00040 00046 0000f 00000 00000 00000 0f 00 00 00 00 00 00 00 43 40 46 80 
   89 00000000042c 00000000b2cc2c 00044 00040 00046 0000f 00000 00000 00000 0f 00 00 00 00 00 00 00 44 40 46 80 
   90 000000000438 00000000b2cc38 00045 00040 0003d 0000f 00000 0d300 0002d 0f 00 00 00 00 d3 2d 00 45 40 3d 80 
   91 000000000444 00000000b2cc44 00045 00040 0003e 00010 00100 0c000 00000 10 00 00 01 00 c0 00 00 45 40 3e 80 
   92 000000000450 00000000b2cc50 00045 00040 0003f 0000f 00000 0c000 00000 0f 00 00 00 00 c0 00 00 45 40 3f 80 
   93 00000000045c 00000000b2cc5c 00045 00040 00040 0000f 00000 0c000 00000 0f 00 00 00 00 c0 00 00 45 40 40 80 
   94 000000000468 00000000b2cc68 00045 00040 00041 0000f 00000 0c000 00000 0f 00 00 00 00 c0 00 00 45 40 41 80 
   95 000000000474 00000000b2cc74 00045 00040 00042 0000f 00000 0c000 00000 0f 00 00 00 00 c0 00 00 45 40 42 80 
   96 000000000480 00000000b2cc80 00045 00040 00043 0000f 00000 0c000 00000 0f 00 00 00 00 c0 00 00 45 40 43 80 
   97 00000000048c 00000000b2cc8c 00045 00040 00044 0000f 00000 0c000 00000 0f 00 00 00 00 c0 00 00 45 40 44 80 
   98 000000000498 00000000b2cc98 00045 00040 00045 0000f 00000 0c000 00000 0f 00 00 00 00 c0 00 00 45 40 45 80 
   99 0000000004a4 00000000b2cca4 00045 00040 00046 0000f 00000 0c000 00000 0f 00 00 00 00 c0 00 00 45 40 46 80 
  100 0000000004b0 00000000b2ccb0 0003b 00040 0003d 0000f 00000 02d00 0002d 0f 00 00 00 00 2d 2d 00 3b 40 3d 80 
  101 0000000004bc 00000000b2ccbc 0003b 00040 0003e 0000f 00000 04000 00000 0f 00 00 00 00 40 00 00 3b 40 3e 80 
  102 0000000004c8 00000000b2ccc8 0003b 00040 0003f 0000f 00000 04000 00000 0f 00 00 00 00 40 00 00 3b 40 3f 80 
  103 0000000004d4 00000000b2ccd4 0003b 00040 00040 00010 00000 04000 00000 10 00 00 00 00 40 00 00 3b 40 40 80 
  104 0000000004e0 00000000b2cce0 0003b 00040 00041 0000f 00000 04000 00000 0f 00 00 00 00 40 00 00 3b 40 41 80 
  105 0000000004ec 00000000b2ccec 0003b 00040 00042 0000f 00000 04000 00000 0f 00 00 00 00 40 00 00 3b 40 42 80 
  106 0000000004f8 00000000b2ccf8 0003b 00040 00043 0000f 00000 04000 00000 0f 00 00 00 00 40 00 00 3b 40 43 80 
  107 000000000504 00000000b2cd04 0003b 00040 00044 0000f 00000 04000 00000 0f 00 00 00 00 40 00 00 3b 40 44 80 
  108 000000000510 00000000b2cd10 0003b 00040 00045 0000f 00000 04000 00000 0f 00 00 00 00 40 00 00 3b 40 45 80 
  109 00000000051c 00000000b2cd1c 0003b 00040 00046 0000f 00000 04000 00000 0f 00 00 00 00 40 00 00 3b 40 46 80 
  110 000000000528 00000000b2cd28 0003b 00040 00047 0000f 00000 02d00 000d3 0f 00 00 00 00 2d d3 00 3b 40 47 80 
  111 000000000534 00000000b2cd34 0003c 00040 00047 0000f 00000 00000 000c0 0f 00 00 00 00 00 c0 00 3c 40 47 80 
  112 000000000540 00000000b2cd40 0003d 00040 00047 0000f 00000 00000 000c0 0f 00 00 00 00 00 c0 00 3d 40 47 80 
  113 00000000054c 00000000b2cd4c 0003e 00040 00047 0000f 00000 00000 000c0 0f 00 00 00 00 00 c0 00 3e 40 47 80 
  114 000000000558 00000000b2cd58 0003f 00040 00047 0000f 00000 00000 000c0 0f 00 00 00 00 00 c0 00 3f 40 47 80 
  115 000000000564 00000000b2cd64 00040 00040 00047 0000f 00000 00000 000c0 0f 00 00 00 00 00 c0 00 40 40 47 80 
  116 000000000570 00000000b2cd70 00041 00040 00047 0000f 00000 00000 000c0 0f 00 00 00 00 00 c0 00 41 40 47 80 
  117 00000000057c 00000000b2cd7c 00042 00040 00047 0000f 00000 00000 000c0 0f 00 00 00 00 00 c0 00 42 40 47 80 
  118 000000000588 00000000b2cd88 00043 00040 00047 0000f 00000 00000 000c0 0f 00 00 00 00 00 c0 00 43 40 47 80 
  119 000000000594 00000000b2cd94 00044 00040 00047 0000f 00000 00000 000c0 0f 00 00 00 00 00 c0 00 44 40 47 80 
  120 0000000005a0 00000000b2cda0 00045 00040 00047 0000f 00000 0d300 000d3 0f 00 00 00 00 d3 d3 00 45 40 47 80 
  121 0000000005ac 00000000b2cdac 00040 00040 00048 00012 00000 00001 00081 12 00 00 00 01 00 81 00 40 40 48 80 
  122 0000000005b8 00000000b2cdb8 00041 0003f 0004a 00513 00100 00000 0037f 13 05 00 01 00 00 7f 03 41 3f 4a 80 
  123 0000000005c4 00000000b2cdc4 0003f 0003f 0004a 00513 00100 00000 0037f 13 05 00 01 00 00 7f 03 3f 3f 4a 80 
  124 0000000005d0 00000000b2cdd0 0003f 0003f 0004b 00514 00000 02d00 0032d 14 05 00 00 00 2d 2d 03 3f 3f 4b 80 
  125 0000000005dc 00000000b2cddc 00041 0003f 0004b 00514 00000 01c00 00339 14 05 00 00 00 1c 39 03 41 3f 4b 80 
  126 0000000005e8 00000000b2cde8 0003f 0003f 0004c 00514 00000 04000 00300 14 05 00 00 00 40 00 03 3f 3f 4c 80 
  127 0000000005f4 00000000b2cdf4 00041 0003f 0004c 00514 00000 00000 00300 14 05 00 00 00 00 00 03 41 3f 4c 80 
  128 000000000600 00000000b2ce00 0003f 0003f 0004d 00514 00000 04000 00300 14 05 00 00 00 40 00 03 3f 3f 4d 80 
  129 00000000060c 00000000b2ce0c 00041 0003f 0004d 00514 00000 00000 00300 14 05 00 00 00 00 00 03 41 3f 4d 80 
  130 000000000618 00000000b2ce18 00040 0003f 0004d 00515 00000 00000 00300 15 05 00 00 00 00 00 03 40 3f 4d 80 
  131 000000000624 00000000b2ce24 0003e 0003f 0004d 00513 00000 07f00 00300 13 05 00 00 00 7f 00 03 3e 3f 4d 80 
  132 000000000630 00000000b2ce30 00041 00040 00048 00016 00200 0c800 0008f 16 00 00 02 00 c8 8f 00 41 40 48 80 
  133 00000000063c 00000000b2ce3c 00042 00040 00048 00016 00200 00000 00081 16 00 00 02 00 00 81 00 42 40 48 80 
  134 000000000648 00000000b2ce48 00043 00040 00048 00016 00200 00000 00081 16 00 00 02 00 00 81 00 43 40 48 80 
  135 000000000654 00000000b2ce54 00044 00040 00048 00016 00200 00000 00081 16 00 00 02 00 00 81 00 44 40 48 80 
  136 000000000660 00000000b2ce60 00045 00040 00048 00016 00200 00000 00081 16 00 00 02 00 00 81 00 45 40 48 80 
  137 00000000066c 00000000b2ce6c 0003b 00040 00048 00016 00200 00000 00081 16 00 00 02 00 00 81 00 3b 40 48 80 
  138 000000000678 00000000b2ce78 0003c 00040 00048 00016 00200 00000 00081 16 00 00 02 00 00 81 00 3c 40 48 80 
  139 000000000684 00000000b2ce84 0003d 00040 00048 00016 00200 00000 00081 16 00 00 02 00 00 81 00 3d 40 48 80 
  140 000000000690 00000000b2ce90 0003e 00040 00048 00016 00200 00000 00081 16 00 00 02 00 00 81 00 3e 40 48 80 
  141 00000000069c 00000000b2ce9c 0003f 00040 00048 00016 00200 03800 0008f 16 00 00 02 00 38 8f 00 3f 40 48 80 
  142 0000000006a8 00000000b2cea8 00046 00040 00048 00017 00100 0a701 000a7 17 00 00 01 01 a7 a7 00 46 40 48 80 
  143 0000000006b4 00000000b2ceb4 00046 00040 00047 00016 00100 08100 00000 16 00 00 01 00 81 00 00 46 40 47 80 
  144 0000000006c0 00000000b2cec0 00046 00040 00046 00016 00100 08100 00000 16 00 00 01 00 81 00 00 46 40 46 80 
  145 0000000006cc 00000000b2cecc 00046 00040 00045 00016 00100 08100 00000 16 00 00 01 00 81 00 00 46 40 45 80 
  146 0000000006d8 00000000b2ced8 00046 00040 00044 00016 00100 08100 00000 16 00 00 01 00 81 00 00 46 40 44 80 
  147 0000000006e4 00000000b2cee4 00046 00040 00040 00016 00100 08100 00000 16 00 00 01 00 81 00 00 46 40 40 80 
  148 0000000006f0 00000000b2cef0 00046 00040 0003f 00016 00100 08100 00000 16 00 00 01 00 81 00 00 46 40 3f 80 
  149 0000000006fc 00000000b2cefc 00046 00040 0003e 00016 00100 08100 00000 16 00 00 01 00 81 00 00 46 40 3e 80 
  150 000000000708 00000000b2cf08 00046 00040 00043 00016 00100 08100 00000 16 00 00 01 00 81 00 00 46 40 43 80 
  151 000000000714 00000000b2cf14 00046 00040 00042 00016 00100 08100 00000 16 00 00 01 00 81 00 00 46 40 42 80 
  152 000000000720 00000000b2cf20 00046 00040 00041 00016 00100 08100 00000 16 00 00 01 00 81 00 00 46 40 41 80 
  153 00000000072c 00000000b2cf2c 00046 00040 0003d 00016 00100 08100 00000 16 00 00 01 00 81 00 00 46 40 3d 80 
  154 000000000738 00000000b2cf38 00046 00040 0003c 00017 00000 0a701 00059 17 00 00 00 01 a7 59 00 46 40 3c 80 
  155 000000000744 00000000b2cf44 00045 00040 0003c 00016 00000 00000 0007f 16 00 00 00 00 00 7f 00 45 40 3c 80 
  156 000000000750 00000000b2cf50 00044 00040 0003c 00016 00000 00000 0007f 16 00 00 00 00 00 7f 00 44 40 3c 80 
  157 00000000075c 00000000b2cf5c 00043 00040 0003c 00016 00000 00000 0007f 16 00 00 00 00 00 7f 00 43 40 3c 80 
  158 000000000768 00000000b2cf68 00042 00040 0003c 00016 00000 00000 0007f 16 00 00 00 00 00 7f 00 42 40 3c 80 
  159 000000000774 00000000b2cf74 00041 00040 0003c 00018 00000 00000 0007f 18 00 00 00 00 00 7f 00 41 40 3c 80 
  160 000000000780 00000000b2cf80 00040 00040 0003c 00019 00000 00000 0007f 19 00 00 00 00 00 7f 00 40 40 3c 80 
  161 00000000078c 00000000b2cf8c 0003f 00040 0003c 0001a 00000 00001 0007f 1a 00 00 00 01 00 7f 00 3f 40 3c 80 
  162 000000000798 00000000b2cf98 0003e 00040 0003c 00016 00000 00000 0007f 16 00 00 00 00 00 7f 00 3e 40 3c 80 
  163 0000000007a4 00000000b2cfa4 0003d 00040 0003c 00016 00000 00000 0007f 16 00 00 00 00 00 7f 00 3d 40 3c 80 
  164 0000000007b0 00000000b2cfb0 0003c 00040 0003c 00016 00000 00000 0007f 16 00 00 00 00 00 7f 00 3c 40 3c 80 
  165 0000000007bc 00000000b2cfbc 0003b 00040 0003c 00016 00000 00000 0007f 16 00 00 00 00 00 7f 00 3b 40 3c 80 
  166 0000000007c8 00000000b2cfc8 0003a 00040 00048 00017 00200 05901 000a7 17 00 00 02 01 59 a7 00 3a 40 48 80 
  167 0000000007d4 00000000b2cfd4 0003a 00040 00047 00016 00300 07f00 00000 16 00 00 03 00 7f 00 00 3a 40 47 80 
  168 0000000007e0 00000000b2cfe0 0003a 00040 00046 00016 00300 07f00 00000 16 00 00 03 00 7f 00 00 3a 40 46 80 
  169 0000000007ec 00000000b2cfec 0003a 00040 00045 00016 00300 07f00 00000 16 00 00 03 00 7f 00 00 3a 40 45 80 
  170 0000000007f8 00000000b2cff8 0003a 00040 00044 00016 00300 07f00 00000 16 00 00 03 00 7f 00 00 3a 40 44 80 
  171 000000000804 00000000b2d004 0003a 00040 00040 00016 00300 07f00 00000 16 00 00 03 00 7f 00 00 3a 40 40 80 
  172 000000000810 00000000b2d010 0003a 00040 0003f 00016 00300 07f00 00000 16 00 00 03 00 7f 00 00 3a 40 3f 80 
  173 00000000081c 00000000b2d01c 0003a 00040 0003e 00016 00300 07f00 00000 16 00 00 03 00 7f 00 00 3a 40 3e 80 
  174 000000000828 00000000b2d028 0003a 00040 00043 00016 00300 07f00 00000 16 00 00 03 00 7f 00 00 3a 40 43 80 
  175 000000000834 00000000b2d034 0003a 00040 00042 00016 00300 07f00 00000 16 00 00 03 00 7f 00 00 3a 40 42 80 
  176 000000000840 00000000b2d040 0003a 00040 00041 00016 00300 07f00 00000 16 00 00 03 00 7f 00 00 3a 40 41 80 
  177 00000000084c 00000000b2d04c 0003a 00040 0003d 00016 00300 07f00 00000 16 00 00 03 00 7f 00 00 3a 40 3d 80 
  178 000000000858 00000000b2d058 0003a 00040 0003c 00017 00300 05901 00059 17 00 00 03 01 59 59 00 3a 40 3c 80 
  179 000000000864 00000000b2d064 00046 0003f 00048 0001b 00200 0a700 000a7 1b 00 00 02 00 a7 a7 00 46 3f 48 80 
  180 000000000870 00000000b2d070 00046 0003f 00047 0001c 00100 00000 000c0 1c 00 00 01 00 00 c0 00 46 3f 47 80 
  181 00000000087c 00000000b2d07c 00046 0003f 00046 0001c 00100 00000 00000 1c 00 00 01 00 00 00 00 46 3f 46 80 
  182 000000000888 00000000b2d088 00046 0003f 00045 0001c 00100 00000 00000 1c 00 00 01 00 00 00 00 46 3f 45 80 
  183 000000000894 00000000b2d094 00046 0003f 00043 0001c 00100 00000 00000 1c 00 00 01 00 00 00 00 46 3f 43 80 
  184 0000000008a0 00000000b2d0a0 00046 0003f 00044 0001d 00200 00000 00000 1d 00 00 02 00 00 00 00 46 3f 44 80 
  185 0000000008ac 00000000b2d0ac 00046 0003f 00042 0001d 00200 00000 00000 1d 00 00 02 00 00 00 00 46 3f 42 80 
  186 0000000008b8 00000000b2d0b8 00046 0003f 00041 0001d 00200 00000 00000 1d 00 00 02 00 00 00 00 46 3f 41 80 
  187 0000000008c4 00000000b2d0c4 00046 0003f 00040 0001d 00200 00000 00000 1d 00 00 02 00 00 00 00 46 3f 40 80 
  188 0000000008d0 00000000b2d0d0 00046 0003f 0003f 0001c 00100 00000 00000 1c 00 00 01 00 00 00 00 46 3f 3f 80 
  189 0000000008dc 00000000b2d0dc 00046 0003f 0003e 0001c 00100 00000 00000 1c 00 00 01 00 00 00 00 46 3f 3e 80 
  190 0000000008e8 00000000b2d0e8 00046 0003f 0003d 0001c 00100 00000 00000 1c 00 00 01 00 00 00 00 46 3f 3d 80 
  191 0000000008f4 00000000b2d0f4 00046 0003f 0003c 0001b 00100 02d00 000d3 1b 00 00 01 00 2d d3 00 46 3f 3c 80 
  192 000000000900 00000000b2d100 0003a 0003f 00048 0001b 00300 05900 000a7 1b 00 00 03 00 59 a7 00 3a 3f 48 80 
  193 00000000090c 00000000b2d10c 0003a 0003f 00047 0001c 00300 00000 000c0 1c 00 00 03 00 00 c0 00 3a 3f 47 80 
  194 000000000918 00000000b2d118 0003a 0003f 00046 0001c 00300 00000 00000 1c 00 00 03 00 00 00 00 3a 3f 46 80 
  195 000000000924 00000000b2d124 0003a 0003f 00045 0001c 00300 00000 00000 1c 00 00 03 00 00 00 00 3a 3f 45 80 
  196 000000000930 00000000b2d130 0003a 0003f 00043 0001c 00300 00000 00000 1c 00 00 03 00 00 00 00 3a 3f 43 80 
  197 00000000093c 00000000b2d13c 0003a 0003f 00044 0001d 00000 00000 00000 1d 00 00 00 00 00 00 00 3a 3f 44 80 
  198 000000000948 00000000b2d148 0003a 0003f 00042 0001d 00000 00000 00000 1d 00 00 00 00 00 00 00 3a 3f 42 80 
  199 000000000954 00000000b2d154 0003a 0003f 00041 0001d 00000 00000 00000 1d 00 00 00 00 00 00 00 3a 3f 41 80 
  200 000000000960 00000000b2d160 0003a 0003f 00040 0001d 00000 00000 00000 1d 00 00 00 00 00 00 00 3a 3f 40 80 
  201 00000000096c 00000000b2d16c 0003a 0003f 0003f 0001c 00300 00000 00000 1c 00 00 03 00 00 00 00 3a 3f 3f 80 
  202 000000000978 00000000b2d178 0003a 0003f 0003e 0001c 00300 00000 00000 1c 00 00 03 00 00 00 00 3a 3f 3e 80 
  203 000000000984 00000000b2d184 0003a 0003f 0003d 0001c 00300 00000 00040 1c 00 00 03 00 00 40 00 3a 3f 3d 80 
  204 000000000990 00000000b2d190 0003a 0003f 0003c 0001b 00000 05900 00059 1b 00 00 00 00 59 59 00 3a 3f 3c 80 
  205 00000000099c 00000000b2d19c 0003b 0003f 00048 0001d 00300 04000 00000 1d 00 00 03 00 40 00 00 3b 3f 48 80 
  206 0000000009a8 00000000b2d1a8 0003c 0003f 00048 0001d 00300 00000 00000 1d 00 00 03 00 00 00 00 3c 3f 48 80 
  207 0000000009b4 00000000b2d1b4 0003d 0003f 00048 0001c 00200 00000 00000 1c 00 00 02 00 00 00 00 3d 3f 48 80 
  208 0000000009c0 00000000b2d1c0 0003e 0003f 00048 0001c 00200 0c000 00000 1c 00 00 02 00 c0 00 00 3e 3f 48 80 
  209 0000000009cc 00000000b2d1cc 0003f 0003f 00048 0001c 00200 05900 00059 1c 00 00 02 00 59 59 00 3f 3f 48 80 
  210 0000000009d8 00000000b2d1d8 00041 0003f 00048 0001d 00300 0a700 00059 1d 00 00 03 00 a7 59 00 41 3f 48 80 
  211 0000000009e4 00000000b2d1e4 00042 0003f 00048 0001d 00300 04000 00000 1d 00 00 03 00 40 00 00 42 3f 48 80 
  212 0000000009f0 00000000b2d1f0 00043 0003f 00048 0001d 00300 00000 00000 1d 00 00 03 00 00 00 00 43 3f 48 80 
  213 0000000009fc 00000000b2d1fc 00044 0003f 00048 0001c 00200 00000 00000 1c 00 00 02 00 00 00 00 44 3f 48 80 
  214 000000000a08 00000000b2d208 00045 0003f 00048 0001c 00200 0c000 00000 1c 00 00 02 00 c0 00 00 45 3f 48 80 
  215 000000000a14 00000000b2d214 0003b 0003f 0003c 0001d 00100 04000 00000 1d 00 00 01 00 40 00 00 3b 3f 3c 80 
  216 000000000a20 00000000b2d220 0003c 0003f 0003c 0001d 00100 00000 00000 1d 00 00 01 00 00 00 00 3c 3f 3c 80 
  217 000000000a2c 00000000b2d22c 0003d 0003f 0003c 0001c 00000 00000 00000 1c 00 00 00 00 00 00 00 3d 3f 3c 80 
  218 000000000a38 00000000b2d238 0003e 0003f 0003c 0001c 00000 00000 00000 1c 00 00 00 00 00 00 00 3e 3f 3c 80 
  219 000000000a44 00000000b2d244 0003f 0003f 0003c 0001c 00000 00000 00000 1c 00 00 00 00 00 00 00 3f 3f 3c 80 
  220 000000000a50 00000000b2d250 00041 0003f 0003c 0001d 00100 00000 00000 1d 00 00 01 00 00 00 00 41 3f 3c 80 
  221 000000000a5c 00000000b2d25c 00042 0003f 0003c 0001d 00100 00000 00000 1d 00 00 01 00 00 00 00 42 3f 3c 80 
  222 000000000a68 00000000b2d268 00043 0003f 0003c 0001d 00100 00000 00000 1d 00 00 01 00 00 00 00 43 3f 3c 80 
  223 000000000a74 00000000b2d274 00044 0003f 0003c 0001c 00000 00000 00000 1c 00 00 00 00 00 00 00 44 3f 3c 80 
  224 000000000a80 00000000b2d280 00045 0003f 0003c 0001c 00000 00000 00000 1c 00 00 00 00 00 00 00 45 3f 3c 80 
  225 000000000a8c 00000000b2d28c 00040 0003f 0003c 0001d 00100 00000 00000 1d 00 00 01 00 00 00 00 40 3f 3c 80 
  226 000000000a98 00000000b2d298 00041 0003e 00048 0001e 00200 0a700 00059 1e 00 00 02 00 a7 59 00 41 3e 48 80 
  227 000000000aa4 00000000b2d2a4 00040 0003e 00048 0001e 00200 00000 0007f 1e 00 00 02 00 00 7f 00 40 3e 48 80 
  228 000000000ab0 00000000b2d2b0 00042 0003e 00048 0001f 00300 04000 00000 1f 00 00 03 00 40 00 00 42 3e 48 80 
  229 000000000abc 00000000b2d2bc 00043 0003e 00048 0001e 00200 00000 00000 1e 00 00 02 00 00 00 00 43 3e 48 80 
  230 000000000ac8 00000000b2d2c8 00044 0003e 00048 0001e 00200 00000 00000 1e 00 00 02 00 00 00 00 44 3e 48 80 
  231 000000000ad4 00000000b2d2d4 00045 0003e 00048 0001f 00300 0c000 00000 1f 00 00 03 00 c0 00 00 45 3e 48 80 
  232 000000000ae0 00000000b2d2e0 00046 0003e 00048 00020 00200 0a701 000a7 20 00 00 02 01 a7 a7 00 46 3e 48 80 
  233 000000000aec 00000000b2d2ec 00046 0003e 00047 0001f 00200 00000 000c0 1f 00 00 02 00 00 c0 00 46 3e 47 80 
  234 000000000af8 00000000b2d2f8 00046 0003e 00046 0001f 00200 00000 00000 1f 00 00 02 00 00 00 00 46 3e 46 80 
  235 000000000b04 00000000b2d304 00046 0003e 00045 0001e 00100 00000 00000 1e 00 00 01 00 00 00 00 46 3e 45 80 
  236 000000000b10 00000000b2d310 00046 0003e 00044 0001f 00200 00000 00000 1f 00 00 02 00 00 00 00 46 3e 44 80 
  237 000000000b1c 00000000b2d31c 00046 0003e 00043 0001e 00100 00000 00000 1e 00 00 01 00 00 00 00 46 3e 43 80 
  238 000000000b28 00000000b2d328 00046 0003e 00042 0001f 00200 00000 00000 1f 00 00 02 00 00 00 00 46 3e 42 80 
  239 000000000b34 00000000b2d334 00046 0003e 00041 0001f 00200 00000 00000 1f 00 00 02 00 00 00 00 46 3e 41 80 
  240 000000000b40 00000000b2d340 00046 0003e 00040 0001f 00200 00000 00000 1f 00 00 02 00 00 00 00 46 3e 40 80 
  241 000000000b4c 00000000b2d34c 00046 0003e 0003f 0001e 00100 00000 00000 1e 00 00 01 00 00 00 00 46 3e 3f 80 
  242 000000000b58 00000000b2d358 00046 0003e 0003e 0001e 00100 00000 00000 1e 00 00 01 00 00 00 00 46 3e 3e 80 
  243 000000000b64 00000000b2d364 00046 0003e 0003d 0001e 00100 00000 00000 1e 00 00 01 00 00 00 00 46 3e 3d 80 
  244 000000000b70 00000000b2d370 00046 0003e 0003c 00020 00100 00001 00000 20 00 00 01 01 00 00 00 46 3e 3c 80 
  245 000000000b7c 00000000b2d37c 0003a 0003e 00048 00020 00300 05901 000a7 20 00 00 03 01 59 a7 00 3a 3e 48 80 
  246 000000000b88 00000000b2d388 0003a 0003e 00047 0001f 00000 00000 000c0 1f 00 00 00 00 00 c0 00 3a 3e 47 80 
  247 000000000b94 00000000b2d394 0003a 0003e 00046 0001f 00000 00000 00000 1f 00 00 00 00 00 00 00 3a 3e 46 80 
  248 000000000ba0 00000000b2d3a0 0003a 0003e 00045 0001e 00300 00000 00000 1e 00 00 03 00 00 00 00 3a 3e 45 80 
  249 000000000bac 00000000b2d3ac 0003a 0003e 00044 0001f 00000 00000 00000 1f 00 00 00 00 00 00 00 3a 3e 44 80 
  250 000000000bb8 00000000b2d3b8 0003a 0003e 00043 0001e 00300 00000 00000 1e 00 00 03 00 00 00 00 3a 3e 43 80 
  251 000000000bc4 00000000b2d3c4 0003a 0003e 00042 0001f 00000 00000 00000 1f 00 00 00 00 00 00 00 3a 3e 42 80 
  252 000000000bd0 00000000b2d3d0 0003a 0003e 00041 0001f 00000 00000 00000 1f 00 00 00 00 00 00 00 3a 3e 41 80 
  253 000000000bdc 00000000b2d3dc 0003a 0003e 00040 0001f 00000 00000 00000 1f 00 00 00 00 00 00 00 3a 3e 40 80 
  254 000000000be8 00000000b2d3e8 0003a 0003e 0003f 0001e 00300 00000 00000 1e 00 00 03 00 00 00 00 3a 3e 3f 80 
  255 000000000bf4 00000000b2d3f4 0003a 0003e 0003e 0001e 00300 00000 00000 1e 00 00 03 00 00 00 00 3a 3e 3e 80 
  256 000000000c00 00000000b2d400 0003a 0003e 0003d 0001e 00300 00000 00040 1e 00 00 03 00 00 40 00 3a 3e 3d 80 
  257 000000000c0c 00000000b2d40c 0003a 0003e 0003c 00020 00000 05901 00059 20 00 00 00 01 59 59 00 3a 3e 3c 80 
  258 000000000c18 00000000b2d418 0003d 0003e 00048 0001f 00300 00000 00000 1f 00 00 03 00 00 00 00 3d 3e 48 80 
  259 000000000c24 00000000b2d424 0003e 0003e 00048 0001e 00200 0c000 00000 1e 00 00 02 00 c0 00 00 3e 3e 48 80 
  260 000000000c30 00000000b2d430 0003f 0003e 00048 0001e 00200 05900 00059 1e 00 00 02 00 59 59 00 3f 3e 48 80 
  261 000000000c3c 00000000b2d43c 0003c 0003e 00048 0001f 00300 00000 00000 1f 00 00 03 00 00 00 00 3c 3e 48 80 
  262 000000000c48 00000000b2d448 0003b 0003e 00048 0001f 00300 04000 00000 1f 00 00 03 00 40 00 00 3b 3e 48 80 
  263 000000000c54 00000000b2d454 00041 0003e 0003c 0001e 00000 00000 00000 1e 00 00 00 00 00 00 00 41 3e 3c 80 
  264 000000000c60 00000000b2d460 00040 0003e 0003c 0001e 00000 00000 00000 1e 00 00 00 00 00 00 00 40 3e 3c 80 
  265 000000000c6c 00000000b2d46c 00042 0003e 0003c 0001f 00100 00000 00000 1f 00 00 01 00 00 00 00 42 3e 3c 80 
  266 000000000c78 00000000b2d478 00043 0003e 0003c 0001e 00000 00000 00000 1e 00 00 00 00 00 00 00 43 3e 3c 80 
  267 000000000c84 00000000b2d484 00044 0003e 0003c 0001e 00000 00000 00000 1e 00 00 00 00 00 00 00 44 3e 3c 80 
  268 000000000c90 00000000b2d490 00045 0003e 0003c 0001f 00100 00000 00000 1f 00 00 01 00 00 00 00 45 3e 3c 80 
  269 000000000c9c 00000000b2d49c 0003d 0003e 0003c 0001f 00100 00000 00000 1f 00 00 01 00 00 00 00 3d 3e 3c 80 
  270 000000000ca8 00000000b2d4a8 0003e 0003e 0003c 0001e 00000 00000 00000 1e 00 00 00 00 00 00 00 3e 3e 3c 80 
  271 000000000cb4 00000000b2d4b4 0003f 0003e 0003c 0001e 00000 00000 00000 1e 00 00 00 00 00 00 00 3f 3e 3c 80 
  272 000000000cc0 00000000b2d4c0 0003c 0003e 0003c 0001f 00100 00000 00000 1f 00 00 01 00 00 00 00 3c 3e 3c 80 
  273 000000000ccc 00000000b2d4cc 0003b 0003e 0003c 0001f 00100 04000 00000 1f 00 00 01 00 40 00 00 3b 3e 3c 80 
  274 000000000cd8 00000000b2d4d8 00040 0003f 00049 00021 00000 00001 00081 21 00 00 00 01 00 81 00 40 3f 49 80 
  275 000000000ce4 00000000b2d4e4 00040 0003f 0004a 00522 00000 00000 0037f 22 05 00 00 00 00 7f 03 40 3f 4a 80 
  276 000000000cf0 00000000b2d4f0 00042 0003f 0004a 0ff23 00000 00000 00300 23 ff 00 00 00 00 00 03 42 3f 4a 80 
  277 000000000cfc 00000000b2d4fc 0003e 0003f 0004a 00523 00300 05900 00359 23 05 00 03 00 59 59 03 3e 3f 4a 80 
  278 000000000d08 00000000b2d508 00042 0003f 0004b 0ff24 00000 00000 00300 24 ff 00 00 00 00 00 03 42 3f 4b 80 
  279 000000000d14 00000000b2d514 00040 0003f 0004b 00515 00000 00000 00340 15 05 00 00 00 00 40 03 40 3f 4b 80 
  280 000000000d20 00000000b2d520 0003e 0003f 0004b 00513 00000 07f00 00300 13 05 00 00 00 7f 00 03 3e 3f 4b 80 
  281 000000000d2c 00000000b2d52c 00040 0003f 0004c 00515 00000 00000 00300 15 05 00 00 00 00 00 03 40 3f 4c 80 
  282 000000000d38 00000000b2d538 0003e 0003f 0004c 00513 00000 07f00 00300 13 05 00 00 00 7f 00 03 3e 3f 4c 80 
  283 000000000d44 00000000b2d544 00042 0003f 0004c 0ff13 00200 00000 00300 13 ff 00 02 00 00 00 03 42 3f 4c 80 
  284 000000000d50 00000000b2d550 00040 0003f 0004f 00525 00000 00000 00381 25 05 00 00 00 00 81 03 40 3f 4f 80 
  285 000000000d5c 00000000b2d55c 00042 0003f 0004f 0ff23 00100 00000 00300 23 ff 00 01 00 00 00 03 42 3f 4f 80 
  286 000000000d68 00000000b2d568 0003e 0003f 0004f 00523 00200 05900 003a7 23 05 00 02 00 59 a7 03 3e 3f 4f 80 
  287 000000000d74 00000000b2d574 00040 00040 0003b 0ff26 00000 00000 00000 26 ff 00 00 00 00 00 00 40 40 3b 80 
  288 000000000d80 00000000b2d580 00040 00040 00038 0ff27 00000 00000 00000 27 ff 00 00 00 00 00 00 40 40 38 80 
  289 000000000d8c 00000000b2d58c 00040 00040 00037 0ff28 00000 00000 00200 28 ff 00 00 00 00 00 02 40 40 37 80 
  290 000000000d98 00000000b2d598 00041 00040 00037 0ff29 00100 00000 00200 29 ff 00 01 00 00 00 02 41 40 37 80 
  291 000000000da4 00000000b2d5a4 00042 00040 00037 0ff2a 00000 00000 00200 2a ff 00 00 00 00 00 02 42 40 37 80 
  292 000000000db0 00000000b2d5b0 00043 00040 00037 0ff2b 00300 00000 00200 2b ff 00 03 00 00 00 02 43 40 37 80 
  293 000000000dbc 00000000b2d5bc 00044 00040 00037 0ff2c 00300 00000 00200 2c ff 00 03 00 00 00 02 44 40 37 80 
  294 000000000dc8 00000000b2d5c8 00045 00040 00037 0ff2d 00300 00000 00200 2d ff 00 03 00 00 00 02 45 40 37 80 
  295 000000000dd4 00000000b2d5d4 00046 00040 00037 0ff2a 00000 00000 00200 2a ff 00 00 00 00 00 02 46 40 37 80 
  296 000000000de0 00000000b2d5e0 00048 00040 00037 0ff2e 00300 00000 00200 2e ff 00 03 00 00 00 02 48 40 37 80 
  297 000000000dec 00000000b2d5ec 00049 00040 00037 0ff2f 00000 00000 00200 2f ff 00 00 00 00 00 02 49 40 37 80 
  298 000000000df8 00000000b2d5f8 00049 00040 00038 0ff30 00100 00000 00200 30 ff 00 01 00 00 00 02 49 40 38 80 
  299 000000000e04 00000000b2d604 00049 00040 0003b 0012e 00000 00000 0017f 2e 01 00 00 00 00 7f 01 49 40 3b 80 
  300 000000000e10 00000000b2d610 00049 00040 0003c 00131 00000 00000 0017f 31 01 00 00 00 00 7f 01 49 40 3c 80 
  301 000000000e1c 00000000b2d61c 0004a 00040 0003c 00132 00200 08800 00128 32 01 00 02 00 88 28 01 4a 40 3c 80 
  302 000000000e28 00000000b2d628 00048 00040 0003c 00133 00000 07800 00128 33 01 00 00 00 78 28 01 48 40 3c 80 
  303 000000000e34 00000000b2d634 00047 00040 00037 0ff2a 00000 00000 00200 2a ff 00 00 00 00 00 02 47 40 37 80 
  304 000000000e40 00000000b2d640 00048 00040 0003d 00132 00000 07800 001d8 32 01 00 00 00 78 d8 01 48 40 3d 80 
  305 000000000e4c 00000000b2d64c 0004a 00040 0003d 00133 00200 08800 001d8 33 01 00 02 00 88 d8 01 4a 40 3d 80 
  306 000000000e58 00000000b2d658 00049 00040 0003d 00131 00200 00000 00181 31 01 00 02 00 00 81 01 49 40 3d 80 
  307 000000000e64 00000000b2d664 00049 00040 0003e 0012e 00200 00000 00181 2e 01 00 02 00 00 81 01 49 40 3e 80 
  308 000000000e70 00000000b2d670 00049 00040 0003f 0022a 00100 00000 00140 2a 02 00 01 00 00 40 01 49 40 3f 80 
  309 000000000e7c 00000000b2d67c 00049 00040 00040 0022a 00100 00000 001c0 2a 02 00 01 00 00 c0 01 49 40 40 80 
  310 000000000e88 00000000b2d688 00049 00040 00041 0022b 00000 05900 00159 2b 02 00 00 00 59 59 01 49 40 41 80 
  311 000000000e94 00000000b2d694 00049 00040 00042 0022c 00000 07f00 00100 2c 02 00 00 00 7f 00 01 49 40 42 80 
  312 000000000ea0 00000000b2d6a0 00049 00040 00043 0022d 00000 05900 001a7 2d 02 00 00 00 59 a7 01 49 40 43 80 
  313 000000000eac 00000000b2d6ac 00049 00040 00044 0022a 00100 00000 00140 2a 02 00 01 00 00 40 01 49 40 44 80 
  314 000000000eb8 00000000b2d6b8 00049 00040 00045 0ff34 00000 00001 00100 34 ff 00 00 01 00 00 01 49 40 45 80 
  315 000000000ec4 00000000b2d6c4 00049 0003f 00046 0ff35 00000 00000 00100 35 ff 00 00 00 00 00 01 49 3f 46 80 
  316 000000000ed0 00000000b2d6d0 00049 0003f 00047 0022a 00100 00000 00100 2a 02 00 01 00 00 00 01 49 3f 47 80 
  317 000000000edc 00000000b2d6dc 00049 0003f 00048 0022a 00100 00000 00100 2a 02 00 01 00 00 00 01 49 3f 48 80 
  318 000000000ee8 00000000b2d6e8 00049 0003f 0004a 00227 00200 0a700 00159 27 02 00 02 00 a7 59 01 49 3f 4a 80 
  319 000000000ef4 00000000b2d6f4 00049 0003f 0004b 00228 00200 0a700 001a7 28 02 00 02 00 a7 a7 01 49 3f 4b 80 
  320 000000000f00 00000000b2d700 00049 0003f 00049 0022a 00100 00000 001c0 2a 02 00 01 00 00 c0 01 49 3f 49 80 
  321 000000000f0c 00000000b2d70c 00048 0003f 0004b 0ff30 00200 00000 00300 30 ff 00 02 00 00 00 03 48 3f 4b 80 
  322 000000000f18 00000000b2d718 00047 0003f 0004b 0ff2a 00200 00000 00300 2a ff 00 02 00 00 00 03 47 3f 4b 80 
  323 000000000f24 00000000b2d724 00046 0003f 0004b 0ff2a 00000 00000 00300 2a ff 00 00 00 00 00 03 46 3f 4b 80 
  324 000000000f30 00000000b2d730 00045 0003f 0004b 0ff2a 00000 00000 00300 2a ff 00 00 00 00 00 03 45 3f 4b 80 
  325 000000000f3c 00000000b2d73c 00044 0003f 0004b 0042a 00000 00000 00300 2a 04 00 00 00 00 00 03 44 3f 4b 80 
  326 000000000f48 00000000b2d748 00043 0003f 0004b 0042a 00000 00000 00300 2a 04 00 00 00 00 00 03 43 3f 4b 80 
  327 000000000f54 00000000b2d754 00042 0003f 0004d 0ff13 00200 00000 00300 13 ff 00 02 00 00 00 03 42 3f 4d 80 
  328 000000000f60 00000000b2d760 0004a 00040 00042 0ff36 00000 00000 00100 36 ff 00 00 00 00 00 01 4a 40 42 80 
  329 000000000f6c 00000000b2d76c 0004a 00040 00043 0ff37 00000 00000 00100 37 ff 00 00 00 00 00 01 4a 40 43 80 
  330 000000000f78 00000000b2d778 0004a 00040 00041 0ff38 00000 00000 00100 38 ff 00 00 00 00 00 01 4a 40 41 80 
  331 000000000f84 00000000b2d784 0004a 00040 00044 0ff39 00300 00000 00100 39 ff 00 03 00 00 00 01 4a 40 44 80 
  332 000000000f90 00000000b2d790 0004a 00040 00040 0ff39 00000 00000 00100 39 ff 00 00 00 00 00 01 4a 40 40 80 
  333 000000000f9c 00000000b2d79c 0004b 00040 00040 0ff3a 00000 00000 00100 3a ff 00 00 00 00 00 01 4b 40 40 80 
  334 000000000fa8 00000000b2d7a8 0004c 00040 00040 0ff3a 00000 00000 00100 3a ff 00 00 00 00 00 01 4c 40 40 80 
  335 000000000fb4 00000000b2d7b4 0004d 00040 00040 0ff3a 00000 00000 00100 3a ff 00 00 00 00 00 01 4d 40 40 80 
  336 000000000fc0 00000000b2d7c0 0004e 00040 00040 0ff39 00100 00000 00100 39 ff 00 01 00 00 00 01 4e 40 40 80 
  337 000000000fcc 00000000b2d7cc 0004b 00040 00044 0ff3a 00200 00000 00100 3a ff 00 02 00 00 00 01 4b 40 44 80 
  338 000000000fd8 00000000b2d7d8 0004c 00040 00044 0ff3a 00200 00000 00100 3a ff 00 02 00 00 00 01 4c 40 44 80 
  339 000000000fe4 00000000b2d7e4 0004d 00040 00044 0ff3a 00200 00000 00100 3a ff 00 02 00 00 00 01 4d 40 44 80 
  340 000000000ff0 00000000b2d7f0 0004e 00040 00044 0ff39 00200 00000 00100 39 ff 00 02 00 00 00 01 4e 40 44 80 
  341 000000000ffc 00000000b2d7fc 0004e 00040 00043 0ff3a 00100 00000 00100 3a ff 00 01 00 00 00 01 4e 40 43 80 
  342 000000001008 00000000b2d808 0004e 00040 00042 0ff3a 00100 00000 00100 3a ff 00 01 00 00 00 01 4e 40 42 80 
  343 000000001014 00000000b2d814 0004e 00040 00041 0ff3a 00100 00000 00100 3a ff 00 01 00 00 00 01 4e 40 41 80 
  344 000000001020 00000000b2d820 0004d 00040 00041 0ff04 00200 00000 00100 04 ff 00 02 00 00 00 01 4d 40 41 80 
  345 00000000102c 00000000b2d82c 0004d 00040 00042 0ff3b 00100 00000 00100 3b ff 00 01 00 00 00 01 4d 40 42 80 
  346 000000001038 00000000b2d838 0004d 00040 00043 0ff04 00300 00000 00100 04 ff 00 03 00 00 00 01 4d 40 43 80 
  347 000000001044 00000000b2d844 0004c 00040 00043 0ff3b 00200 00000 00100 3b ff 00 02 00 00 00 01 4c 40 43 80 
  348 000000001050 00000000b2d850 0004b 00040 00043 0ff06 00300 00000 00100 06 ff 00 03 00 00 00 01 4b 40 43 80 
  349 00000000105c 00000000b2d85c 0004c 00040 00041 0ff3b 00000 00000 00100 3b ff 00 00 00 00 00 01 4c 40 41 80 
  350 000000001068 00000000b2d868 0004b 00040 00041 0ff05 00300 00000 00100 05 ff 00 03 00 00 00 01 4b 40 41 80 
  351 000000001074 00000000b2d874 0004c 00040 00042 0ff02 00300 00000 00100 02 ff 00 03 00 00 00 01 4c 40 42 80 
  352 000000001080 00000000b2d880 0004b 00040 00042 0ff01 00300 00000 00100 01 ff 00 03 00 00 00 01 4b 40 42 80 
  353 00000000108c 00000000b2d88c 0004b 0003f 00043 0ff3c 00300 00000 00100 3c ff 00 03 00 00 00 01 4b 3f 43 80 
  354 000000001098 00000000b2d898 0004c 0003f 00043 0ff3d 00300 00000 00100 3d ff 00 03 00 00 00 01 4c 3f 43 80 
  355 0000000010a4 00000000b2d8a4 0004d 0003f 00043 0ff3c 00200 00000 00100 3c ff 00 02 00 00 00 01 4d 3f 43 80 
  356 0000000010b0 00000000b2d8b0 0004d 0003f 00042 0ff3d 00200 00000 00100 3d ff 00 02 00 00 00 01 4d 3f 42 80 
  357 0000000010bc 00000000b2d8bc 0004b 0003f 00041 0ff3c 00000 00000 00100 3c ff 00 00 00 00 00 01 4b 3f 41 80 
  358 0000000010c8 00000000b2d8c8 0004c 0003f 00041 0ff3d 00100 00000 00100 3d ff 00 01 00 00 00 01 4c 3f 41 80 
  359 0000000010d4 00000000b2d8d4 0004d 0003f 00041 0ff3c 00100 00000 00100 3c ff 00 01 00 00 00 01 4d 3f 41 80 
  360 0000000010e0 00000000b2d8e0 0004b 0003f 00042 0ff3d 00000 00000 00100 3d ff 00 00 00 00 00 01 4b 3f 42 80 
  361 0000000010ec 00000000b2d8ec 0004c 0003f 00042 0ff3e 00000 00001 00100 3e ff 00 00 01 00 00 01 4c 3f 42 80 
  362 0000000010f8 00000000b2d8f8 0003f 0003f 0004e 00514 00000 02d00 003d3 14 05 00 00 00 2d d3 03 3f 3f 4e 80 
  363 000000001104 00000000b2d904 00041 0003f 0004e 00514 00000 01c00 003c7 14 05 00 00 00 1c c7 03 41 3f 4e 80 
  364 000000001110 00000000b2d910 00040 0003f 0004e 00515 00000 00000 003c0 15 05 00 00 00 00 c0 03 40 3f 4e 80 
  365 00000000111c 00000000b2d91c 0003e 0003f 0004e 00513 00000 07f00 00300 13 05 00 00 00 7f 00 03 3e 3f 4e 80 
  366 000000001128 00000000b2d928 00042 0003f 0004e 0ff24 00000 00000 00300 24 ff 00 00 00 00 00 03 42 3f 4e 80 
  367 000000001134 00000000b2d934 0003f 0003f 0004f 00513 00300 00000 00381 13 05 00 03 00 00 81 03 3f 3f 4f 80 
  368 000000001140 00000000b2d940 00041 0003f 0004f 00513 00300 00000 00381 13 05 00 03 00 00 81 03 41 3f 4f 80 
  369 00000000114c 00000000b2d94c 00043 0003f 0004e 0ff27 00100 00000 00300 27 ff 00 01 00 00 00 03 43 3f 4e 80 
  370 000000001158 00000000b2d958 00044 0003f 0004e 0ff28 00100 00000 00300 28 ff 00 01 00 00 00 03 44 3f 4e 80 
  371 000000001164 00000000b2d964 00044 0003f 0004f 0ff30 00100 00000 00300 30 ff 00 01 00 00 00 03 44 3f 4f 80 
  372 000000001170 00000000b2d970 00044 0003f 00051 0ff27 00200 00000 00300 27 ff 00 02 00 00 00 03 44 3f 51 80 
  373 00000000117c 00000000b2d97c 00044 0003f 00052 0ff28 00200 00000 00300 28 ff 00 02 00 00 00 03 44 3f 52 80 
  374 000000001188 00000000b2d988 00044 0003f 00050 0ff2a 00100 00000 00300 2a ff 00 01 00 00 00 03 44 3f 50 80 
  375 000000001194 00000000b2d994 00043 0003f 00052 0ff30 00200 00000 00300 30 ff 00 02 00 00 00 03 43 3f 52 80 
  376 0000000011a0 00000000b2d9a0 00041 0003f 00051 00613 00100 00000 0037f 13 06 00 01 00 00 7f 03 41 3f 51 80 
  377 0000000011ac 00000000b2d9ac 0003f 0003f 00051 00613 00100 00000 0037f 13 06 00 01 00 00 7f 03 3f 3f 51 80 
  378 0000000011b8 00000000b2d9b8 0003f 0003f 00052 00614 00000 02d00 0032d 14 06 00 00 00 2d 2d 03 3f 3f 52 80 
  379 0000000011c4 00000000b2d9c4 00041 0003f 00052 00614 00000 01c00 00339 14 06 00 00 00 1c 39 03 41 3f 52 80 
  380 0000000011d0 00000000b2d9d0 0003f 0003f 00053 00614 00000 04000 00300 14 06 00 00 00 40 00 03 3f 3f 53 80 
  381 0000000011dc 00000000b2d9dc 00041 0003f 00053 00614 00000 00000 00300 14 06 00 00 00 00 00 03 41 3f 53 80 
  382 0000000011e8 00000000b2d9e8 0003f 0003f 00054 00614 00000 04000 00300 14 06 00 00 00 40 00 03 3f 3f 54 80 
  383 0000000011f4 00000000b2d9f4 00041 0003f 00054 00614 00000 00000 00300 14 06 00 00 00 00 00 03 41 3f 54 80 
  384 000000001200 00000000b2da00 00040 0003f 00054 00615 00000 00000 00300 15 06 00 00 00 00 00 03 40 3f 54 80 
  385 00000000120c 00000000b2da0c 0003e 0003f 00054 00613 00000 07f00 00300 13 06 00 00 00 7f 00 03 3e 3f 54 80 
  386 000000001218 00000000b2da18 00040 0003f 00051 00622 00000 00000 0037f 22 06 00 00 00 00 7f 03 40 3f 51 80 
  387 000000001224 00000000b2da24 00042 0003f 00051 0ff23 00000 00000 00300 23 ff 00 00 00 00 00 03 42 3f 51 80 
  388 000000001230 00000000b2da30 0003e 0003f 00051 00623 00300 05900 00359 23 06 00 03 00 59 59 03 3e 3f 51 80 
  389 00000000123c 00000000b2da3c 00042 0003f 00052 0ff24 00000 00000 00300 24 ff 00 00 00 00 00 03 42 3f 52 80 
  390 000000001248 00000000b2da48 00040 0003f 00052 00615 00000 00000 00340 15 06 00 00 00 00 40 03 40 3f 52 80 
  391 000000001254 00000000b2da54 0003e 0003f 00052 00613 00000 07f00 00300 13 06 00 00 00 7f 00 03 3e 3f 52 80 
  392 000000001260 00000000b2da60 00040 0003f 00053 00615 00000 00000 00300 15 06 00 00 00 00 00 03 40 3f 53 80 
  393 00000000126c 00000000b2da6c 0003e 0003f 00053 00613 00000 07f00 00300 13 06 00 00 00 7f 00 03 3e 3f 53 80 
  394 000000001278 00000000b2da78 00042 0003f 00053 0ff13 00200 00000 00300 13 ff 00 02 00 00 00 03 42 3f 53 80 
  395 000000001284 00000000b2da84 00040 0003f 00056 0063f 00000 00000 00381 3f 06 00 00 00 00 81 03 40 3f 56 80 
  396 000000001290 00000000b2da90 00042 0003f 00056 0ff23 00100 00000 00300 23 ff 00 01 00 00 00 03 42 3f 56 80 
  397 00000000129c 00000000b2da9c 0003e 0003f 00056 00623 00200 05900 003a7 23 06 00 02 00 59 a7 03 3e 3f 56 80 
  398 0000000012a8 00000000b2daa8 00042 0003f 00054 0ff13 00200 00000 00300 13 ff 00 02 00 00 00 03 42 3f 54 80 
  399 0000000012b4 00000000b2dab4 0003f 0003f 00055 00614 00000 02d00 003d3 14 06 00 00 00 2d d3 03 3f 3f 55 80 
  400 0000000012c0 00000000b2dac0 00041 0003f 00055 00614 00000 01c00 003c7 14 06 00 00 00 1c c7 03 41 3f 55 80 
  401 0000000012cc 00000000b2dacc 00040 0003f 00055 00615 00000 00000 003c0 15 06 00 00 00 00 c0 03 40 3f 55 80 
  402 0000000012d8 00000000b2dad8 0003e 0003f 00055 00613 00000 07f00 00300 13 06 00 00 00 7f 00 03 3e 3f 55 80 
  403 0000000012e4 00000000b2dae4 00042 0003f 00055 0ff13 00200 00000 00300 13 ff 00 02 00 00 00 03 42 3f 55 80 
  404 0000000012f0 00000000b2daf0 0003f 0003f 00056 00613 00300 00000 00381 13 06 00 03 00 00 81 03 3f 3f 56 80 
  405 0000000012fc 00000000b2dafc 00041 0003f 00056 00613 00300 00000 00381 13 06 00 03 00 00 81 03 41 3f 56 80 
  406 000000001308 00000000b2db08 0003d 0003f 0004b 0ff40 00000 00000 0ff00 40 ff 00 00 00 00 00 ff 3d 3f 4b 80 
  407 000000001314 00000000b2db14 0003d 0003f 0004e 0ff40 00000 00000 0ff00 40 ff 00 00 00 00 00 ff 3d 3f 4e 80 
  408 000000001320 00000000b2db20 0003d 0003f 00052 0ff40 00000 00000 0ff00 40 ff 00 00 00 00 00 ff 3d 3f 52 80 
  409 00000000132c 00000000b2db2c 0004c 00040 0003b 0ff41 00000 00000 0ff00 41 ff 00 00 00 00 00 ff 4c 40 3b 80 
  410 000000001338 00000000b2db38 0004c 00040 0003e 0ff41 00200 00000 0ff00 41 ff 00 02 00 00 00 ff 4c 40 3e 80 
  411 000000001344 00000000b2db44 0004b 00040 00045 0ff42 00000 00000 0ff00 42 ff 00 00 00 00 00 ff 4b 40 45 80 
  412 000000001350 00000000b2db50 0004b 00040 00039 0ff41 00100 00000 0ff00 41 ff 00 01 00 00 00 ff 4b 40 39 80 
  413 00000000135c 00000000b2db5c 00049 00040 00036 0ff27 00200 00000 00200 27 ff 00 02 00 00 00 02 49 40 36 80 
  414 000000001368 00000000b2db68 00049 00040 00035 0ff27 00000 00000 00200 27 ff 00 00 00 00 00 02 49 40 35 80 
  415 000000001374 00000000b2db74 00049 00040 00034 0ff28 00000 00000 0ff00 28 ff 00 00 00 00 00 ff 49 40 34 80 
  416 000000001380 00000000b2db80 0004a 00040 00034 0ff30 00000 00000 0ff00 30 ff 00 00 00 00 00 ff 4a 40 34 80 
  417 00000000138c 00000000b2db8c 0004b 00040 00034 0ff2e 00300 00000 0ff00 2e ff 00 03 00 00 00 ff 4b 40 34 80 
  418 000000001398 00000000b2db98 0004c 00040 00035 0ff33 00300 00000 0ff00 33 ff 00 03 00 00 00 ff 4c 40 35 80 
  419 0000000013a4 00000000b2dba4 0004c 00040 00034 0ff31 00300 00000 0ff00 31 ff 00 03 00 00 00 ff 4c 40 34 80 
  420 0000000013b0 00000000b2dbb0 0004c 00040 00033 0ff32 00100 00000 0ff00 32 ff 00 01 00 00 00 ff 4c 40 33 80 
  421 0000000013bc 00000000b2dbbc 0004d 00040 00035 0ff43 00100 00000 0ff00 43 ff 00 01 00 00 00 ff 4d 40 35 80 
  422 0000000013c8 00000000b2dbc8 0004d 00040 00034 0ff44 00000 00000 0ff00 44 ff 00 00 00 00 00 ff 4d 40 34 80 
  423 0000000013d4 00000000b2dbd4 0004d 00040 00033 0ff43 00300 00000 0ff00 43 ff 00 03 00 00 00 ff 4d 40 33 80 
  424 0000000013e0 00000000b2dbe0 0004e 00040 00034 0ff43 00000 00000 0ff00 43 ff 00 00 00 00 00 ff 4e 40 34 80 
  425 0000000013ec 00000000b2dbec 0004e 00040 00035 0ff45 00100 00000 0ff00 45 ff 00 01 00 00 00 ff 4e 40 35 80 
  426 0000000013f8 00000000b2dbf8 0004e 00040 00033 0ff45 00000 00000 0ff00 45 ff 00 00 00 00 00 ff 4e 40 33 80 
  427 000000001404 00000000b2dc04 0004d 00040 00039 0ff41 00100 00000 0ff00 41 ff 00 01 00 00 00 ff 4d 40 39 80 
  428 000000001410 00000000b2dc10 00044 00040 00036 00336 00300 00000 00200 36 03 00 03 00 00 00 02 44 40 36 80 
  429 00000000141c 00000000b2dc1c 00042 00040 00035 0033a 00300 07f00 00200 3a 03 00 03 00 7f 00 02 42 40 35 80 
  430 000000001428 00000000b2dc28 00042 00040 00033 0033a 00300 07f00 00200 3a 03 00 03 00 7f 00 02 42 40 33 80 
  431 000000001434 00000000b2dc34 00042 00040 00036 00339 00300 05900 002a7 39 03 00 03 00 59 a7 02 42 40 36 80 
  432 000000001440 00000000b2dc40 00042 00040 00032 00339 00000 05900 00259 39 03 00 00 00 59 59 02 42 40 32 80 
  433 00000000144c 00000000b2dc4c 00043 00040 00032 0033a 00000 00000 0027f 3a 03 00 00 00 00 7f 02 43 40 32 80 
  434 000000001458 00000000b2dc58 00044 00040 00032 0033a 00000 00000 0027f 3a 03 00 00 00 00 7f 02 44 40 32 80 
  435 000000001464 00000000b2dc64 00045 00040 00032 0033a 00000 00000 0027f 3a 03 00 00 00 00 7f 02 45 40 32 80 
  436 000000001470 00000000b2dc70 00046 00040 00032 00339 00100 0a700 00259 39 03 00 01 00 a7 59 02 46 40 32 80 
  437 00000000147c 00000000b2dc7c 00043 00040 00036 0033a 00200 00000 00281 3a 03 00 02 00 00 81 02 43 40 36 80 
  438 000000001488 00000000b2dc88 00045 00040 00036 0033a 00200 00000 00281 3a 03 00 02 00 00 81 02 45 40 36 80 
  439 000000001494 00000000b2dc94 00046 00040 00036 00339 00200 0a700 002a7 39 03 00 02 00 a7 a7 02 46 40 36 80 
  440 0000000014a0 00000000b2dca0 00046 00040 00035 0033a 00100 08100 00200 3a 03 00 01 00 81 00 02 46 40 35 80 
  441 0000000014ac 00000000b2dcac 00046 00040 00034 0033a 00100 08100 00200 3a 03 00 01 00 81 00 02 46 40 34 80 
  442 0000000014b8 00000000b2dcb8 00046 00040 00033 0033a 00100 08100 00200 3a 03 00 01 00 81 00 02 46 40 33 80 
  443 0000000014c4 00000000b2dcc4 00045 00040 00033 00304 00200 0d300 0022d 04 03 00 02 00 d3 2d 02 45 40 33 80 
  444 0000000014d0 00000000b2dcd0 00045 00040 00034 0033b 00100 0c000 00200 3b 03 00 01 00 c0 00 02 45 40 34 80 
  445 0000000014dc 00000000b2dcdc 00045 00040 00035 00306 00200 0c400 002ec 06 03 00 02 00 c4 ec 02 45 40 35 80 
  446 0000000014e8 00000000b2dce8 00044 00040 00035 00301 00200 00000 002c0 01 03 00 02 00 00 c0 02 44 40 35 80 
  447 0000000014f4 00000000b2dcf4 00043 00040 00035 00305 00200 03c00 002ec 05 03 00 02 00 3c ec 02 43 40 35 80 
  448 000000001500 00000000b2dd00 00044 00040 00033 0033b 00000 00000 00240 3b 03 00 00 00 00 40 02 44 40 33 80 
  449 00000000150c 00000000b2dd0c 00043 00040 00033 00304 00100 02d00 0022d 04 03 00 01 00 2d 2d 02 43 40 33 80 
  450 000000001518 00000000b2dd18 00044 00040 00034 00302 00200 00000 00200 02 03 00 02 00 00 00 02 44 40 34 80 
  451 000000001524 00000000b2dd24 00043 00040 00034 0033b 00300 04000 00200 3b 03 00 03 00 40 00 02 43 40 34 80 
  452 000000001530 00000000b2dd30 00043 0003f 00035 0033c 00300 03c00 002ec 3c 03 00 03 00 3c ec 02 43 3f 35 80 
  453 00000000153c 00000000b2dd3c 00044 0003f 00035 0033d 00300 00000 002c0 3d 03 00 03 00 00 c0 02 44 3f 35 80 
  454 000000001548 00000000b2dd48 00045 0003f 00035 0033c 00200 0c400 002ec 3c 03 00 02 00 c4 ec 02 45 3f 35 80 
  455 000000001554 00000000b2dd54 00045 0003f 00034 0033d 00200 0c000 00200 3d 03 00 02 00 c0 00 02 45 3f 34 80 
  456 000000001560 00000000b2dd60 00043 0003f 00033 0033c 00000 02d00 0022d 3c 03 00 00 00 2d 2d 02 43 3f 33 80 
  457 00000000156c 00000000b2dd6c 00044 0003f 00033 0033d 00100 00000 00240 3d 03 00 01 00 00 40 02 44 3f 33 80 
  458 000000001578 00000000b2dd78 00045 0003f 00033 0033c 00100 0d300 0022d 3c 03 00 01 00 d3 2d 02 45 3f 33 80 
  459 000000001584 00000000b2dd84 00043 0003f 00034 0033d 00000 04000 00200 3d 03 00 00 00 40 00 02 43 3f 34 80 
  460 000000001590 00000000b2dd90 00044 0003f 00034 0033e 00000 00001 00200 3e 03 00 00 01 00 00 02 44 3f 34 80 
  461 00000000159c 00000000b2dd9c 00042 00040 00034 0033a 00300 07f00 00200 3a 03 00 03 00 7f 00 02 42 40 34 80 
  462 0000000015a8 00000000b2dda8 00041 00040 00034 0ff42 00300 00000 0ff00 42 ff 00 03 00 00 00 ff 41 40 34 80 
  463 0000000015b4 00000000b2ddb4 00047 0003e 0003b 0ff41 00300 00000 0ff00 41 ff 00 03 00 00 00 ff 47 3e 3b 80 
  464 0000000015c0 00000000b2ddc0 00040 00040 00035 0ff46 00100 00000 0ff00 46 ff 00 01 00 00 00 ff 40 40 35 80 
  465 0000000015cc 00000000b2ddcc 00040 00040 00039 0ff2a 00100 00000 00000 2a ff 00 01 00 00 00 00 40 40 39 80 
  466 0000000015d8 00000000b2ddd8 00040 00040 0003a 0ff2a 00100 00000 00000 2a ff 00 01 00 00 00 00 40 40 3a 80 
  467 0000000015e4 00000000b2dde4 00049 00040 0003a 0ff2a 00100 00000 00100 2a ff 00 01 00 00 00 01 49 40 3a 80 
  468 0000000015f0 00000000b2ddf0 00049 00040 00039 0ff2a 00100 00000 0ff00 2a ff 00 01 00 00 00 ff 49 40 39 80 
  469 0000000015fc 00000000b2ddfc  BLANK  BLANK  BLANK 0ff00 00000 00000 0ff00 00 ff 00 00 00 00 00 ff ff 00 00 00 
  470 000000001608 00000000b2de08  BLANK  BLANK  BLANK 0ff00 00000 00000 0ff00 00 ff 00 00 00 00 00 ff ff 00 00 00 
  471 000000001614 00000000b2de14  BLANK  BLANK  BLANK 0ff00 00000 00000 0ff00 00 ff 00 00 00 00 00 ff ff 00 00 00 
  472 000000001620 00000000b2de20  BLANK  BLANK  BLANK 0ff00 00000 00000 0ff00 00 ff 00 00 00 00 00 ff ff 00 00 00 
  473 00000000162c 00000000b2de2c  BLANK  BLANK  BLANK 0ff00 00000 00000 0ff00 00 ff 00 00 00 00 00 ff ff 00 00 00 
  474 000000001638 00000000b2de38  BLANK  BLANK  BLANK 0ff00 00000 00000 0ff00 00 ff 00 00 00 00 00 ff ff 00 00 00 
  475 000000001644 00000000b2de44  BLANK  BLANK  BLANK 0ff00 00000 00000 0ff00 00 ff 00 00 00 00 00 ff ff 00 00 00 
  476 000000001650 00000000b2de50  BLANK  BLANK  BLANK 0ff00 00000 00000 0ff00 00 ff 00 00 00 00 00 ff ff 00 00 00 
  477 00000000165c 00000000b2de5c  BLANK  BLANK  BLANK 0ff00 00000 00000 0ff00 00 ff 00 00 00 00 00 ff ff 00 00 00 
  478 000000001668 00000000b2de68  BLANK  BLANK  BLANK 0ff00 00000 00000 0ff00 00 ff 00 00 00 00 00 ff ff 00 00 00 
  479 000000001674 00000000b2de74  BLANK  BLANK  BLANK 0ff00 00000 00000 0ff00 00 ff 00 00 00 00 00 ff ff 00 00 00 
  480 000000001680 00000000b2de80  BLANK  BLANK  BLANK 0ff00 00000 00000 0ff00 00 ff 00 00 00 00 00 ff ff 00 00 00 
  481 00000000168c 00000000b2de8c  BLANK  BLANK  BLANK 0ff00 00000 00000 0ff00 00 ff 00 00 00 00 00 ff ff 00 00 00 
  482 000000001698 00000000b2de98  BLANK  BLANK  BLANK 0ff00 00000 00000 0ff00 00 ff 00 00 00 00 00 ff ff 00 00 00 
  483 0000000016a4 00000000b2dea4  BLANK  BLANK  BLANK 0ff00 00000 00000 0ff00 00 ff 00 00 00 00 00 ff ff 00 00 00 
  484 0000000016b0 00000000b2deb0  BLANK  BLANK  BLANK 0ff00 00000 00000 0ff00 00 ff 00 00 00 00 00 ff ff 00 00 00 
  485 0000000016bc 00000000b2debc  BLANK  BLANK  BLANK 0ff00 00000 00000 0ff00 00 ff 00 00 00 00 00 ff ff 00 00 00 
  486 0000000016c8 00000000b2dec8  BLANK  BLANK  BLANK 0ff00 00000 00000 0ff00 00 ff 00 00 00 00 00 ff ff 00 00 00 
  487 0000000016d4 00000000b2ded4  BLANK  BLANK  BLANK 0ff00 00000 00000 0ff00 00 ff 00 00 00 00 00 ff ff 00 00 00 
  488 0000000016e0 00000000b2dee0  BLANK  BLANK  BLANK 0ff00 00000 00000 0ff00 00 ff 00 00 00 00 00 ff ff 00 00 00 
  489 0000000016ec 00000000b2deec  BLANK  BLANK  BLANK 0ff00 00000 00000 0ff00 00 ff 00 00 00 00 00 ff ff 00 00 00 
  490 0000000016f8 00000000b2def8  BLANK  BLANK  BLANK 0ff00 00000 00000 0ff00 00 ff 00 00 00 00 00 ff ff 00 00 00 
  491 000000001704 00000000b2df04  BLANK  BLANK  BLANK 0ff00 00000 00000 0ff00 00 ff 00 00 00 00 00 ff ff 00 00 00 
  492 000000001710 00000000b2df10  BLANK  BLANK  BLANK 0ff00 00000 00000 0ff00 00 ff 00 00 00 00 00 ff ff 00 00 00 
  493 00000000171c 00000000b2df1c  BLANK  BLANK  BLANK 0ff00 00000 00000 0ff00 00 ff 00 00 00 00 00 ff ff 00 00 00 
  494 000000001728 00000000b2df28  BLANK  BLANK  BLANK 0ff00 00000 00000 0ff00 00 ff 00 00 00 00 00 ff ff 00 00 00 
  495 000000001734 00000000b2df34  BLANK  BLANK  BLANK 0ff00 00000 00000 0ff00 00 ff 00 00 00 00 00 ff ff 00 00 00 
  496 000000001740 00000000b2df40  BLANK  BLANK  BLANK 0ff00 00000 00000 0ff00 00 ff 00 00 00 00 00 ff ff 00 00 00 
  497 00000000174c 00000000b2df4c  BLANK  BLANK  BLANK 0ff00 00000 00000 0ff00 00 ff 00 00 00 00 00 ff ff 00 00 00 
  498 000000001758 00000000b2df58  BLANK  BLANK  BLANK 0ff00 00000 00000 0ff00 00 ff 00 00 00 00 00 ff ff 00 00 00 
  499 000000001764 00000000b2df64  BLANK  BLANK  BLANK 0ff00 00000 00000 0ff00 00 ff 00 00 00 00 00 ff ff 00 00 00 
  500 000000001770 00000000b2df70  BLANK  BLANK  BLANK 0ff00 00000 00000 0ff00 00 ff 00 00 00 00 00 ff ff 00 00 00 
  501 00000000177c 00000000b2df7c  BLANK  BLANK  BLANK 0ff00 00000 00000 0ff00 00 ff 00 00 00 00 00 ff ff 00 00 00 
  502 000000001788 00000000b2df88  BLANK  BLANK  BLANK 0ff00 00000 00000 0ff00 00 ff 00 00 00 00 00 ff ff 00 00 00 
  503 000000001794 00000000b2df94  BLANK  BLANK  BLANK 0ff00 00000 00000 0ff00 00 ff 00 00 00 00 00 ff ff 00 00 00 
  504 0000000017a0 00000000b2dfa0  BLANK  BLANK  BLANK 0ff00 00000 00000 0ff00 00 ff 00 00 00 00 00 ff ff 00 00 00 
  505 0000000017ac 00000000b2dfac  BLANK  BLANK  BLANK 0ff00 00000 00001 0ff00 00 ff 00 00 01 00 00 ff ff 00 00 00 
  506 0000000017b8 00000000b2dfb8  BLANK  BLANK  BLANK 0ff00 00000 00000 0ff00 00 ff 00 00 00 00 00 ff ff 00 00 00 
  507 0000000017c4 00000000b2dfc4  BLANK  BLANK  BLANK 0ff00 00000 00000 0ff00 00 ff 00 00 00 00 00 ff ff 00 00 00 
  508 0000000017d0 00000000b2dfd0  BLANK  BLANK  BLANK 0ff00 00000 00000 0ff00 00 ff 00 00 00 00 00 ff ff 00 00 00 
  509 0000000017dc 00000000b2dfdc  BLANK  BLANK  BLANK 0ff00 00000 00000 0ff00 00 ff 00 00 00 00 00 ff ff 00 00 00 
  510 0000000017e8 00000000b2dfe8  BLANK  BLANK  BLANK 0ff00 00000 00000 0ff00 00 ff 00 00 00 00 00 ff ff 00 00 00 
  511 0000000017f4 00000000b2dff4  BLANK  BLANK  BLANK 0ff00 00000 00000 0ff00 00 ff 00 00 00 00 00 ff ff 00 00 00 

========================================================================================================================
Summary for fire_world_molten_cavern:
  Total tiles: 512
  Non-blank tiles: 469
  Blank tiles: 43
