Area: illusion_world_worship_domain
Index: 24
========================================================================================================================

Tile Format (12 bytes = 0x0C):
  Offset 0x00-0x01: x position (UInt16)
  Offset 0x02-0x03: y position (UInt16)
  Offset 0x04-0x05: z position (UInt16)
  Offset 0x06-0x07: rotation_z (UInt16)
  Offset 0x08: tileX (UInt8) - blank if 0xFF
  Offset 0x09: tileY (UInt8)
  Offset 0x0A: tileZ (UInt8)
  Offset 0x0B: unknown (UInt8)
========================================================================================================================

Index OffsetInFile AbsoluteOffset TileX TileY TileZ PosX  PosY  PosZ  RotZ  RawBytes (hex)
------------------------------------------------------------------------------------------------------------------------
    0 000000000000 000000006d9000 0003d 00040 00042 0ff00 00100 00000 00000 00 ff 00 01 00 00 00 00 3d 40 42 80 
    1 00000000000c 000000006d900c 0003e 00040 00042 0ff01 00000 00001 00000 01 ff 00 00 01 00 00 00 3e 40 42 80 
    2 000000000018 000000006d9018 0003f 00040 00042 0ff02 00000 00001 00000 02 ff 00 00 01 00 00 00 3f 40 42 80 
    3 000000000024 000000006d9024 00040 00040 00042 0ff03 00000 00001 00000 03 ff 00 00 01 00 00 00 40 40 42 80 
    4 000000000030 000000006d9030 00041 00040 00042 0ff04 00000 00001 00000 04 ff 00 00 01 00 00 00 41 40 42 80 
    5 00000000003c 000000006d903c 00042 00040 00042 0ff01 00000 00001 00000 01 ff 00 00 01 00 00 00 42 40 42 80 
    6 000000000048 000000006d9048 00043 00040 00042 0ff00 00000 00000 00000 00 ff 00 00 00 00 00 00 43 40 42 80 
    7 000000000054 000000006d9054 0003d 0003f 00042 0ff05 00100 00000 00000 05 ff 00 01 00 00 00 00 3d 3f 42 80 
    8 000000000060 000000006d9060 0003e 0003f 00042 0ff06 00000 00000 00000 06 ff 00 00 00 00 00 00 3e 3f 42 80 
    9 00000000006c 000000006d906c 0003f 0003f 00042 0ff07 00000 00000 00000 07 ff 00 00 00 00 00 00 3f 3f 42 80 
   10 000000000078 000000006d9078 00040 0003f 00042 0ff08 00000 00000 00000 08 ff 00 00 00 00 00 00 40 3f 42 80 
   11 000000000084 000000006d9084 00041 0003f 00042 0ff09 00000 00000 00000 09 ff 00 00 00 00 00 00 41 3f 42 80 
   12 000000000090 000000006d9090 00042 0003f 00042 0ff0a 00000 00000 00000 0a ff 00 00 00 00 00 00 42 3f 42 80 
   13 00000000009c 000000006d909c 00043 0003f 00042 0ff05 00000 00000 00000 05 ff 00 00 00 00 00 00 43 3f 42 80 
   14 0000000000a8 000000006d90a8 0003d 0003e 00042 0ff0b 00100 00000 00000 0b ff 00 01 00 00 00 00 3d 3e 42 80 
   15 0000000000b4 000000006d90b4 0003e 0003e 00042 0ff0c 00000 00000 00000 0c ff 00 00 00 00 00 00 3e 3e 42 80 
   16 0000000000c0 000000006d90c0 0003f 0003e 00042 0ff0d 00000 00000 00000 0d ff 00 00 00 00 00 00 3f 3e 42 80 
   17 0000000000cc 000000006d90cc 00040 0003e 00042 0ff0e 00000 00000 00000 0e ff 00 00 00 00 00 00 40 3e 42 80 
   18 0000000000d8 000000006d90d8 00041 0003e 00042 0ff0f 00000 00000 00000 0f ff 00 00 00 00 00 00 41 3e 42 80 
   19 0000000000e4 000000006d90e4 00042 0003e 00042 0ff0c 00000 00000 00000 0c ff 00 00 00 00 00 00 42 3e 42 80 
   20 0000000000f0 000000006d90f0 00043 0003e 00042 0ff0b 00000 00000 00000 0b ff 00 00 00 00 00 00 43 3e 42 80 
   21 0000000000fc 000000006d90fc 0003d 00040 00041 00101 00100 07f01 00000 01 01 00 01 01 7f 00 00 3d 40 41 80 
   22 000000000108 000000006d9108 0003e 00040 00041 00110 00000 03900 0001c 10 01 00 00 00 39 1c 00 3e 40 41 80 
   23 000000000114 000000006d9114 0003f 00040 00041 00110 00000 00000 00000 10 01 00 00 00 00 00 00 3f 40 41 80 
   24 000000000120 000000006d9120 00040 00040 00041 00110 00000 00000 00000 10 01 00 00 00 00 00 00 40 40 41 80 
   25 00000000012c 000000006d912c 00041 00040 00041 00110 00000 00000 00000 10 01 00 00 00 00 00 00 41 40 41 80 
   26 000000000138 000000006d9138 00042 00040 00041 00110 00000 0c700 0001c 10 01 00 00 00 c7 1c 00 42 40 41 80 
   27 000000000144 000000006d9144 00043 00040 00041 00101 00300 08101 00000 01 01 00 03 01 81 00 00 43 40 41 80 
   28 000000000150 000000006d9150 0003d 0003f 00041 0010a 00100 00000 00040 0a 01 00 01 00 00 40 00 3d 3f 41 80 
   29 00000000015c 000000006d915c 00043 0003f 00041 00106 00300 00000 00040 06 01 00 03 00 00 40 00 43 3f 41 80 
   30 000000000168 000000006d9168 0003d 0003e 00041 0010c 00100 07800 000d8 0c 01 00 01 00 78 d8 00 3d 3e 41 80 
   31 000000000174 000000006d9174 0003e 0003e 00041 00111 00000 03901 0001c 11 01 00 00 01 39 1c 00 3e 3e 41 80 
   32 000000000180 000000006d9180 0003f 0003e 00041 00111 00300 00001 00000 11 01 00 03 01 00 00 00 3f 3e 41 80 
   33 00000000018c 000000006d918c 00040 0003e 00041 00111 00200 00001 00000 11 01 00 02 01 00 00 00 40 3e 41 80 
   34 000000000198 000000006d9198 00041 0003e 00041 00111 00100 00001 00000 11 01 00 01 01 00 00 00 41 3e 41 80 
   35 0000000001a4 000000006d91a4 00042 0003e 00041 00111 00000 0c701 0001c 11 01 00 00 01 c7 1c 00 42 3e 41 80 
   36 0000000001b0 000000006d91b0 00043 0003e 00041 0010c 00300 08800 000d8 0c 01 00 03 00 88 d8 00 43 3e 41 80 
   37 0000000001bc 000000006d91bc 0003d 00040 00040 00101 00100 07f01 00000 01 01 00 01 01 7f 00 00 3d 40 40 80 
   38 0000000001c8 000000006d91c8 0003e 00040 00040 00110 00000 04000 00000 10 01 00 00 00 40 00 00 3e 40 40 80 
   39 0000000001d4 000000006d91d4 0003f 00040 00040 00110 00000 00000 00000 10 01 00 00 00 00 00 00 3f 40 40 80 
   40 0000000001e0 000000006d91e0 00040 00040 00040 00110 00000 00000 00000 10 01 00 00 00 00 00 00 40 40 40 80 
   41 0000000001ec 000000006d91ec 00041 00040 00040 00110 00000 00000 00000 10 01 00 00 00 00 00 00 41 40 40 80 
   42 0000000001f8 000000006d91f8 00042 00040 00040 00110 00000 0c000 00000 10 01 00 00 00 c0 00 00 42 40 40 80 
   43 000000000204 000000006d9204 00043 00040 00040 00101 00300 08101 00000 01 01 00 03 01 81 00 00 43 40 40 80 
   44 000000000210 000000006d9210 0003d 0003f 00040 00106 00100 00000 00000 06 01 00 01 00 00 00 00 3d 3f 40 80 
   45 00000000021c 000000006d921c 00043 0003f 00040 0010a 00300 00000 00000 0a 01 00 03 00 00 00 00 43 3f 40 80 
   46 000000000228 000000006d9228 0003d 0003e 00040 0010c 00100 07f00 00000 0c 01 00 01 00 7f 00 00 3d 3e 40 80 
   47 000000000234 000000006d9234 0003e 0003e 00040 00111 00200 04001 00000 11 01 00 02 01 40 00 00 3e 3e 40 80 
   48 000000000240 000000006d9240 0003f 0003e 00040 00111 00300 00001 00000 11 01 00 03 01 00 00 00 3f 3e 40 80 
   49 00000000024c 000000006d924c 00040 0003e 00040 00111 00000 00001 00000 11 01 00 00 01 00 00 00 40 3e 40 80 
   50 000000000258 000000006d9258 00041 0003e 00040 00111 00300 00001 00000 11 01 00 03 01 00 00 00 41 3e 40 80 
   51 000000000264 000000006d9264 00042 0003e 00040 00111 00200 0c001 00000 11 01 00 02 01 c0 00 00 42 3e 40 80 
   52 000000000270 000000006d9270 00043 0003e 00040 0010c 00300 08100 00000 0c 01 00 03 00 81 00 00 43 3e 40 80 
   53 00000000027c 000000006d927c 0003d 00040 0003f 00101 00100 07f01 00000 01 01 00 01 01 7f 00 00 3d 40 3f 80 
   54 000000000288 000000006d9288 0003e 00040 0003f 00110 00000 04000 00000 10 01 00 00 00 40 00 00 3e 40 3f 80 
   55 000000000294 000000006d9294 0003f 00040 0003f 00110 00000 00000 00000 10 01 00 00 00 00 00 00 3f 40 3f 80 
   56 0000000002a0 000000006d92a0 00040 00040 0003f 00110 00000 00000 00000 10 01 00 00 00 00 00 00 40 40 3f 80 
   57 0000000002ac 000000006d92ac 00041 00040 0003f 00110 00000 00000 00000 10 01 00 00 00 00 00 00 41 40 3f 80 
   58 0000000002b8 000000006d92b8 00042 00040 0003f 00110 00000 0c000 00000 10 01 00 00 00 c0 00 00 42 40 3f 80 
   59 0000000002c4 000000006d92c4 00043 00040 0003f 00101 00300 08101 00000 01 01 00 03 01 81 00 00 43 40 3f 80 
   60 0000000002d0 000000006d92d0 0003d 0003f 0003f 0010a 00100 00000 00000 0a 01 00 01 00 00 00 00 3d 3f 3f 80 
   61 0000000002dc 000000006d92dc 00043 0003f 0003f 00106 00300 00000 00000 06 01 00 03 00 00 00 00 43 3f 3f 80 
   62 0000000002e8 000000006d92e8 0003d 0003e 0003f 0010c 00100 07f00 00000 0c 01 00 01 00 7f 00 00 3d 3e 3f 80 
   63 0000000002f4 000000006d92f4 0003e 0003e 0003f 00111 00000 04001 00000 11 01 00 00 01 40 00 00 3e 3e 3f 80 
   64 000000000300 000000006d9300 0003f 0003e 0003f 00111 00000 00001 00000 11 01 00 00 01 00 00 00 3f 3e 3f 80 
   65 00000000030c 000000006d930c 00040 0003e 0003f 00111 00300 00001 00000 11 01 00 03 01 00 00 00 40 3e 3f 80 
   66 000000000318 000000006d9318 00041 0003e 0003f 00111 00200 00001 00000 11 01 00 02 01 00 00 00 41 3e 3f 80 
   67 000000000324 000000006d9324 00042 0003e 0003f 00111 00200 0c001 00000 11 01 00 02 01 c0 00 00 42 3e 3f 80 
   68 000000000330 000000006d9330 00043 0003e 0003f 0010c 00300 08100 00000 0c 01 00 03 00 81 00 00 43 3e 3f 80 
   69 00000000033c 000000006d933c 0003d 00040 0003e 00101 00100 07f01 00000 01 01 00 01 01 7f 00 00 3d 40 3e 80 
   70 000000000348 000000006d9348 0003e 00040 0003e 00110 00000 03900 000e4 10 01 00 00 00 39 e4 00 3e 40 3e 80 
   71 000000000354 000000006d9354 0003f 00040 0003e 00110 00000 00000 00000 10 01 00 00 00 00 00 00 3f 40 3e 80 
   72 000000000360 000000006d9360 00040 00040 0003e 00110 00000 00000 00000 10 01 00 00 00 00 00 00 40 40 3e 80 
   73 00000000036c 000000006d936c 00041 00040 0003e 00110 00000 00000 00000 10 01 00 00 00 00 00 00 41 40 3e 80 
   74 000000000378 000000006d9378 00042 00040 0003e 00110 00000 0c700 000e4 10 01 00 00 00 c7 e4 00 42 40 3e 80 
   75 000000000384 000000006d9384 00043 00040 0003e 00101 00300 08101 00000 01 01 00 03 01 81 00 00 43 40 3e 80 
   76 000000000390 000000006d9390 0003d 0003f 0003e 00106 00100 00000 000c0 06 01 00 01 00 00 c0 00 3d 3f 3e 80 
   77 00000000039c 000000006d939c 00043 0003f 0003e 0010a 00300 00000 000c0 0a 01 00 03 00 00 c0 00 43 3f 3e 80 
   78 0000000003a8 000000006d93a8 0003d 0003e 0003e 0010c 00100 07800 00028 0c 01 00 01 00 78 28 00 3d 3e 3e 80 
   79 0000000003b4 000000006d93b4 0003e 0003e 0003e 00111 00100 03901 000e4 11 01 00 01 01 39 e4 00 3e 3e 3e 80 
   80 0000000003c0 000000006d93c0 0003f 0003e 0003e 00111 00200 00001 00000 11 01 00 02 01 00 00 00 3f 3e 3e 80 
   81 0000000003cc 000000006d93cc 00040 0003e 0003e 00111 00300 00001 00000 11 01 00 03 01 00 00 00 40 3e 3e 80 
   82 0000000003d8 000000006d93d8 00041 0003e 0003e 00111 00200 00001 00000 11 01 00 02 01 00 00 00 41 3e 3e 80 
   83 0000000003e4 000000006d93e4 00042 0003e 0003e 00111 00100 0c701 000e4 11 01 00 01 01 c7 e4 00 42 3e 3e 80 
   84 0000000003f0 000000006d93f0 00043 0003e 0003e 0010c 00300 08800 00028 0c 01 00 03 00 88 28 00 43 3e 3e 80 
   85 0000000003fc 000000006d93fc 0003d 00040 0003d 0ff00 00200 00000 00000 00 ff 00 02 00 00 00 00 3d 40 3d 80 
   86 000000000408 000000006d9408 0003e 00040 0003d 0ff01 00200 00001 00000 01 ff 00 02 01 00 00 00 3e 40 3d 80 
   87 000000000414 000000006d9414 0003f 00040 0003d 0ff04 00200 00001 00000 04 ff 00 02 01 00 00 00 3f 40 3d 80 
   88 000000000420 000000006d9420 00040 00040 0003d 0ff03 00200 00001 00000 03 ff 00 02 01 00 00 00 40 40 3d 80 
   89 00000000042c 000000006d942c 00041 00040 0003d 0ff02 00200 00001 00000 02 ff 00 02 01 00 00 00 41 40 3d 80 
   90 000000000438 000000006d9438 00042 00040 0003d 0ff01 00200 00001 00000 01 ff 00 02 01 00 00 00 42 40 3d 80 
   91 000000000444 000000006d9444 00043 00040 0003d 0ff00 00300 00000 00000 00 ff 00 03 00 00 00 00 43 40 3d 80 
   92 000000000450 000000006d9450 0003d 0003f 0003d 0ff05 00200 00000 00000 05 ff 00 02 00 00 00 00 3d 3f 3d 80 
   93 00000000045c 000000006d945c 0003e 0003f 0003d 0ff0a 00200 00000 00000 0a ff 00 02 00 00 00 00 3e 3f 3d 80 
   94 000000000468 000000006d9468 0003f 0003f 0003d 0ff09 00200 00000 00000 09 ff 00 02 00 00 00 00 3f 3f 3d 80 
   95 000000000474 000000006d9474 00040 0003f 0003d 0ff08 00200 00000 00000 08 ff 00 02 00 00 00 00 40 3f 3d 80 
   96 000000000480 000000006d9480 00041 0003f 0003d 0ff07 00200 00000 00000 07 ff 00 02 00 00 00 00 41 3f 3d 80 
   97 00000000048c 000000006d948c 00042 0003f 0003d 0ff06 00200 00000 00000 06 ff 00 02 00 00 00 00 42 3f 3d 80 
   98 000000000498 000000006d9498 00043 0003f 0003d 0ff05 00300 00000 00000 05 ff 00 03 00 00 00 00 43 3f 3d 80 
   99 0000000004a4 000000006d94a4 0003d 0003e 0003d 0ff0b 00200 00000 00000 0b ff 00 02 00 00 00 00 3d 3e 3d 80 
  100 0000000004b0 000000006d94b0 0003e 0003e 0003d 0ff0c 00200 00000 00000 0c ff 00 02 00 00 00 00 3e 3e 3d 80 
  101 0000000004bc 000000006d94bc 0003f 0003e 0003d 0ff0f 00200 00000 00000 0f ff 00 02 00 00 00 00 3f 3e 3d 80 
  102 0000000004c8 000000006d94c8 00040 0003e 0003d 0ff0e 00200 00000 00000 0e ff 00 02 00 00 00 00 40 3e 3d 80 
  103 0000000004d4 000000006d94d4 00041 0003e 0003d 0ff0d 00200 00000 00000 0d ff 00 02 00 00 00 00 41 3e 3d 80 
  104 0000000004e0 000000006d94e0 00042 0003e 0003d 0ff0c 00200 00000 00000 0c ff 00 02 00 00 00 00 42 3e 3d 80 
  105 0000000004ec 000000006d94ec 00043 0003e 0003d 0ff0b 00300 00000 00000 0b ff 00 03 00 00 00 00 43 3e 3d 80 
  106 0000000004f8 000000006d94f8 0003e 00040 00047 00000 00100 05900 000a7 00 00 00 01 00 59 a7 00 3e 40 47 80 
  107 000000000504 000000006d9504 0003f 00040 00047 00001 00000 00001 00081 01 00 00 00 01 00 81 00 3f 40 47 80 
  108 000000000510 000000006d9510 00040 00040 00047 00001 00000 00001 00081 01 00 00 00 01 00 81 00 40 40 47 80 
  109 00000000051c 000000006d951c 00041 00040 00047 00001 00000 00001 00081 01 00 00 00 01 00 81 00 41 40 47 80 
  110 000000000528 000000006d9528 00042 00040 00047 00000 00000 0a700 000a7 00 00 00 00 00 a7 a7 00 42 40 47 80 
  111 000000000534 000000006d9534 0003e 0003f 00047 00012 00100 05900 000a7 12 00 00 01 00 59 a7 00 3e 3f 47 80 
  112 000000000540 000000006d9540 0003f 0003f 00047 00013 00000 00000 00081 13 00 00 00 00 00 81 00 3f 3f 47 80 
  113 00000000054c 000000006d954c 00040 0003f 00047 00014 00000 00000 00081 14 00 00 00 00 00 81 00 40 3f 47 80 
  114 000000000558 000000006d9558 00041 0003f 00047 00013 00000 00000 00081 13 00 00 00 00 00 81 00 41 3f 47 80 
  115 000000000564 000000006d9564 00042 0003f 00047 00012 00000 0a700 000a7 12 00 00 00 00 a7 a7 00 42 3f 47 80 
  116 000000000570 000000006d9570 0003e 00040 00046 00015 00100 07f00 00000 15 00 00 01 00 7f 00 00 3e 40 46 80 
  117 00000000057c 000000006d957c 0003f 00040 00046 00010 00000 02d00 000d3 10 00 00 00 00 2d d3 00 3f 40 46 80 
  118 000000000588 000000006d9588 00040 00040 00046 00010 00000 00000 000c0 10 00 00 00 00 00 c0 00 40 40 46 80 
  119 000000000594 000000006d9594 00041 00040 00046 00010 00000 0d300 000d3 10 00 00 00 00 d3 d3 00 41 40 46 80 
  120 0000000005a0 000000006d95a0 00042 00040 00046 00001 00300 08101 00000 01 00 00 03 01 81 00 00 42 40 46 80 
  121 0000000005ac 000000006d95ac 0003e 0003f 00046 00014 00100 07f00 00000 14 00 00 01 00 7f 00 00 3e 3f 46 80 
  122 0000000005b8 000000006d95b8 0003f 0003f 00046 00016 00300 02d01 000d3 16 00 00 03 01 2d d3 00 3f 3f 46 80 
  123 0000000005c4 000000006d95c4 00040 0003f 00046 00016 00200 00001 000c0 16 00 00 02 01 00 c0 00 40 3f 46 80 
  124 0000000005d0 000000006d95d0 00041 0003f 00046 00016 00100 0d301 000d3 16 00 00 01 01 d3 d3 00 41 3f 46 80 
  125 0000000005dc 000000006d95dc 00042 0003f 00046 00014 00300 08100 00000 14 00 00 03 00 81 00 00 42 3f 46 80 
  126 0000000005e8 000000006d95e8 0003e 00040 00045 00001 00100 07f01 00000 01 00 00 01 01 7f 00 00 3e 40 45 80 
  127 0000000005f4 000000006d95f4 0003f 00040 00045 00010 00000 04000 00000 10 00 00 00 00 40 00 00 3f 40 45 80 
  128 000000000600 000000006d9600 00040 00040 00045 00010 00000 00000 00000 10 00 00 00 00 00 00 00 40 40 45 80 
  129 00000000060c 000000006d960c 00041 00040 00045 00010 00000 0c000 00000 10 00 00 00 00 c0 00 00 41 40 45 80 
  130 000000000618 000000006d9618 00042 00040 00045 00001 00300 08101 00000 01 00 00 03 01 81 00 00 42 40 45 80 
  131 000000000624 000000006d9624 0003e 0003f 00045 00013 00100 07f00 00000 13 00 00 01 00 7f 00 00 3e 3f 45 80 
  132 000000000630 000000006d9630 0003f 0003f 00045 00016 00000 04001 00000 16 00 00 00 01 40 00 00 3f 3f 45 80 
  133 00000000063c 000000006d963c 00040 0003f 00045 00016 00300 00001 00000 16 00 00 03 01 00 00 00 40 3f 45 80 
  134 000000000648 000000006d9648 00041 0003f 00045 00016 00000 0c001 00000 16 00 00 00 01 c0 00 00 41 3f 45 80 
  135 000000000654 000000006d9654 00042 0003f 00045 00014 00300 08100 00000 14 00 00 03 00 81 00 00 42 3f 45 80 
  136 000000000660 000000006d9660 0003e 00040 00044 00001 00100 07f01 00000 01 00 00 01 01 7f 00 00 3e 40 44 80 
  137 00000000066c 000000006d966c 0003f 00040 00044 00010 00000 02d00 0002d 10 00 00 00 00 2d 2d 00 3f 40 44 80 
  138 000000000678 000000006d9678 00040 00040 00044 00010 00000 00000 00040 10 00 00 00 00 00 40 00 40 40 44 80 
  139 000000000684 000000006d9684 00041 00040 00044 00010 00000 0d300 0002d 10 00 00 00 00 d3 2d 00 41 40 44 80 
  140 000000000690 000000006d9690 00042 00040 00044 00001 00300 08101 00000 01 00 00 03 01 81 00 00 42 40 44 80 
  141 00000000069c 000000006d969c 0003e 0003f 00044 00014 00100 07f00 00000 14 00 00 01 00 7f 00 00 3e 3f 44 80 
  142 0000000006a8 000000006d96a8 0003f 0003f 00044 00016 00100 02d01 0002d 16 00 00 01 01 2d 2d 00 3f 3f 44 80 
  143 0000000006b4 000000006d96b4 00040 0003f 00044 00016 00300 00001 00040 16 00 00 03 01 00 40 00 40 3f 44 80 
  144 0000000006c0 000000006d96c0 00041 0003f 00044 00016 00100 0d301 0002d 16 00 00 01 01 d3 2d 00 41 3f 44 80 
  145 0000000006cc 000000006d96cc 00042 0003f 00044 00014 00300 08100 00000 14 00 00 03 00 81 00 00 42 3f 44 80 
  146 0000000006d8 000000006d96d8 0003e 00040 00043 00000 00200 05900 00059 00 00 00 02 00 59 59 00 3e 40 43 80 
  147 0000000006e4 000000006d96e4 0003f 00040 00043 00004 00200 00001 0007f 04 00 00 02 01 00 7f 00 3f 40 43 80 
  148 0000000006f0 000000006d96f0 00040 00040 00043 00003 00200 00001 0007f 03 00 00 02 01 00 7f 00 40 40 43 80 
  149 0000000006fc 000000006d96fc 00041 00040 00043 00002 00200 00001 0007f 02 00 00 02 01 00 7f 00 41 40 43 80 
  150 000000000708 000000006d9708 00042 00040 00043 00000 00300 0a700 00059 00 00 00 03 00 a7 59 00 42 40 43 80 
  151 000000000714 000000006d9714 0003e 0003f 00043 00012 00200 05900 00059 12 00 00 02 00 59 59 00 3e 3f 43 80 
  152 000000000720 000000006d9720 0003f 0003f 00043 00017 00200 00000 0007f 17 00 00 02 00 00 7f 00 3f 3f 43 80 
  153 00000000072c 000000006d972c 00040 0003f 00043 00018 00200 00000 0007f 18 00 00 02 00 00 7f 00 40 3f 43 80 
  154 000000000738 000000006d9738 00041 0003f 00043 00019 00200 00000 0007f 19 00 00 02 00 00 7f 00 41 3f 43 80 
  155 000000000744 000000006d9744 00042 0003f 00043 00012 00300 0a700 00059 12 00 00 03 00 a7 59 00 42 3f 43 80 
  156 000000000750 000000006d9750 0003e 00040 0003c 00200 00100 05900 000a7 00 02 00 01 00 59 a7 00 3e 40 3c 80 
  157 00000000075c 000000006d975c 0003f 00040 0003c 00202 00000 00001 00081 02 02 00 00 01 00 81 00 3f 40 3c 80 
  158 000000000768 000000006d9768 00040 00040 0003c 00203 00000 00001 00081 03 02 00 00 01 00 81 00 40 40 3c 80 
  159 000000000774 000000006d9774 00041 00040 0003c 00204 00000 00001 00081 04 02 00 00 01 00 81 00 41 40 3c 80 
  160 000000000780 000000006d9780 00042 00040 0003c 00200 00000 0a700 000a7 00 02 00 00 00 a7 a7 00 42 40 3c 80 
  161 00000000078c 000000006d978c 0003e 0003f 0003c 00212 00100 05900 000a7 12 02 00 01 00 59 a7 00 3e 3f 3c 80 
  162 000000000798 000000006d9798 0003f 0003f 0003c 00219 00000 00000 00081 19 02 00 00 00 00 81 00 3f 3f 3c 80 
  163 0000000007a4 000000006d97a4 00040 0003f 0003c 00218 00000 00000 00081 18 02 00 00 00 00 81 00 40 3f 3c 80 
  164 0000000007b0 000000006d97b0 00041 0003f 0003c 00217 00000 00000 00081 17 02 00 00 00 00 81 00 41 3f 3c 80 
  165 0000000007bc 000000006d97bc 00042 0003f 0003c 00212 00000 0a700 000a7 12 02 00 00 00 a7 a7 00 42 3f 3c 80 
  166 0000000007c8 000000006d97c8 0003e 00040 0003b 00201 00100 07f01 00000 01 02 00 01 01 7f 00 00 3e 40 3b 80 
  167 0000000007d4 000000006d97d4 0003f 00040 0003b 00210 00000 02d00 000d3 10 02 00 00 00 2d d3 00 3f 40 3b 80 
  168 0000000007e0 000000006d97e0 00040 00040 0003b 00210 00000 00000 000c0 10 02 00 00 00 00 c0 00 40 40 3b 80 
  169 0000000007ec 000000006d97ec 00041 00040 0003b 00210 00000 0d300 000d3 10 02 00 00 00 d3 d3 00 41 40 3b 80 
  170 0000000007f8 000000006d97f8 00042 00040 0003b 00201 00300 08101 00000 01 02 00 03 01 81 00 00 42 40 3b 80 
  171 000000000804 000000006d9804 0003e 0003f 0003b 00214 00100 07f00 00000 14 02 00 01 00 7f 00 00 3e 3f 3b 80 
  172 000000000810 000000006d9810 0003f 0003f 0003b 00216 00000 02d01 000d3 16 02 00 00 01 2d d3 00 3f 3f 3b 80 
  173 00000000081c 000000006d981c 00040 0003f 0003b 00216 00300 00001 000c0 16 02 00 03 01 00 c0 00 40 3f 3b 80 
  174 000000000828 000000006d9828 00041 0003f 0003b 00216 00200 0d301 000d3 16 02 00 02 01 d3 d3 00 41 3f 3b 80 
  175 000000000834 000000006d9834 00042 0003f 0003b 00214 00300 08100 00000 14 02 00 03 00 81 00 00 42 3f 3b 80 
  176 000000000840 000000006d9840 0003e 00040 0003a 00201 00100 07f01 00000 01 02 00 01 01 7f 00 00 3e 40 3a 80 
  177 00000000084c 000000006d984c 0003f 00040 0003a 00210 00000 04000 00000 10 02 00 00 00 40 00 00 3f 40 3a 80 
  178 000000000858 000000006d9858 00040 00040 0003a 00210 00000 00000 00000 10 02 00 00 00 00 00 00 40 40 3a 80 
  179 000000000864 000000006d9864 00041 00040 0003a 00210 00000 0c000 00000 10 02 00 00 00 c0 00 00 41 40 3a 80 
  180 000000000870 000000006d9870 00042 00040 0003a 00201 00300 08101 00000 01 02 00 03 01 81 00 00 42 40 3a 80 
  181 00000000087c 000000006d987c 0003e 0003f 0003a 00213 00100 07f00 00000 13 02 00 01 00 7f 00 00 3e 3f 3a 80 
  182 000000000888 000000006d9888 0003f 0003f 0003a 00216 00300 04001 00000 16 02 00 03 01 40 00 00 3f 3f 3a 80 
  183 000000000894 000000006d9894 00040 0003f 0003a 00216 00000 00001 00000 16 02 00 00 01 00 00 00 40 3f 3a 80 
  184 0000000008a0 000000006d98a0 00041 0003f 0003a 00216 00100 0c001 00000 16 02 00 01 01 c0 00 00 41 3f 3a 80 
  185 0000000008ac 000000006d98ac 00042 0003f 0003a 00213 00300 08100 00000 13 02 00 03 00 81 00 00 42 3f 3a 80 
  186 0000000008b8 000000006d98b8 0003e 00040 00039 00201 00100 07f01 00000 01 02 00 01 01 7f 00 00 3e 40 39 80 
  187 0000000008c4 000000006d98c4 0003f 00040 00039 00210 00000 02d00 0002d 10 02 00 00 00 2d 2d 00 3f 40 39 80 
  188 0000000008d0 000000006d98d0 00040 00040 00039 00210 00000 00000 00040 10 02 00 00 00 00 40 00 40 40 39 80 
  189 0000000008dc 000000006d98dc 00041 00040 00039 00210 00000 0d300 0002d 10 02 00 00 00 d3 2d 00 41 40 39 80 
  190 0000000008e8 000000006d98e8 00042 00040 00039 00201 00300 08101 00000 01 02 00 03 01 81 00 00 42 40 39 80 
  191 0000000008f4 000000006d98f4 0003e 0003f 00039 00214 00100 07f00 00000 14 02 00 01 00 7f 00 00 3e 3f 39 80 
  192 000000000900 000000006d9900 0003f 0003f 00039 00216 00200 02d01 0002d 16 02 00 02 01 2d 2d 00 3f 3f 39 80 
  193 00000000090c 000000006d990c 00040 0003f 00039 00216 00100 00001 00040 16 02 00 01 01 00 40 00 40 3f 39 80 
  194 000000000918 000000006d9918 00041 0003f 00039 00216 00000 0d301 0002d 16 02 00 00 01 d3 2d 00 41 3f 39 80 
  195 000000000924 000000006d9924 00042 0003f 00039 00214 00300 08100 00000 14 02 00 03 00 81 00 00 42 3f 39 80 
  196 000000000930 000000006d9930 0003e 00040 00038 00200 00200 05900 00059 00 02 00 02 00 59 59 00 3e 40 38 80 
  197 00000000093c 000000006d993c 0003f 00040 00038 00201 00200 00001 0007f 01 02 00 02 01 00 7f 00 3f 40 38 80 
  198 000000000948 000000006d9948 00040 00040 00038 0021a 00200 00001 0007f 1a 02 00 02 01 00 7f 00 40 40 38 80 
  199 000000000954 000000006d9954 00041 00040 00038 00201 00200 00001 0007f 01 02 00 02 01 00 7f 00 41 40 38 80 
  200 000000000960 000000006d9960 00042 00040 00038 00200 00300 0a700 00059 00 02 00 03 00 a7 59 00 42 40 38 80 
  201 00000000096c 000000006d996c 0003e 0003f 00038 00212 00200 05900 00059 12 02 00 02 00 59 59 00 3e 3f 38 80 
  202 000000000978 000000006d9978 0003f 0003f 00038 00213 00200 00000 0007f 13 02 00 02 00 00 7f 00 3f 3f 38 80 
  203 000000000984 000000006d9984 00040 0003f 00038 00214 00200 00000 0007f 14 02 00 02 00 00 7f 00 40 3f 38 80 
  204 000000000990 000000006d9990 00041 0003f 00038 00213 00200 00000 0007f 13 02 00 02 00 00 7f 00 41 3f 38 80 
  205 00000000099c 000000006d999c 00042 0003f 00038 00212 00300 0a700 00059 12 02 00 03 00 a7 59 00 42 3f 38 80 
  206 0000000009a8 000000006d99a8 0004c 00040 00042 00500 00100 05900 002a7 00 05 00 01 00 59 a7 02 4c 40 42 80 
  207 0000000009b4 000000006d99b4 0004d 00040 00042 00501 00000 00001 00281 01 05 00 00 01 00 81 02 4d 40 42 80 
  208 0000000009c0 000000006d99c0 0004e 00040 00042 00502 00000 00001 00281 02 05 00 00 01 00 81 02 4e 40 42 80 
  209 0000000009cc 000000006d99cc 0004f 00040 00042 00503 00000 00001 00281 03 05 00 00 01 00 81 02 4f 40 42 80 
  210 0000000009d8 000000006d99d8 00050 00040 00042 00504 00000 00001 00281 04 05 00 00 01 00 81 02 50 40 42 80 
  211 0000000009e4 000000006d99e4 00051 00040 00042 00501 00000 00001 00281 01 05 00 00 01 00 81 02 51 40 42 80 
  212 0000000009f0 000000006d99f0 00052 00040 00042 00500 00000 0a700 002a7 00 05 00 00 00 a7 a7 02 52 40 42 80 
  213 0000000009fc 000000006d99fc 0004c 0003f 00042 00505 00100 05900 002a7 05 05 00 01 00 59 a7 02 4c 3f 42 80 
  214 000000000a08 000000006d9a08 0004d 0003f 00042 00506 00000 04000 00200 06 05 00 00 00 40 00 02 4d 3f 42 80 
  215 000000000a14 000000006d9a14 0004e 0003f 00042 00507 00000 04000 00200 07 05 00 00 00 40 00 02 4e 3f 42 80 
  216 000000000a20 000000006d9a20 0004f 0003f 00042 00508 00000 00000 002c0 08 05 00 00 00 00 c0 02 4f 3f 42 80 
  217 000000000a2c 000000006d9a2c 00050 0003f 00042 00509 00000 0c000 00200 09 05 00 00 00 c0 00 02 50 3f 42 80 
  218 000000000a38 000000006d9a38 00051 0003f 00042 0050a 00000 0c000 00200 0a 05 00 00 00 c0 00 02 51 3f 42 80 
  219 000000000a44 000000006d9a44 00052 0003f 00042 00505 00000 0a700 002a7 05 05 00 00 00 a7 a7 02 52 3f 42 80 
  220 000000000a50 000000006d9a50 0004c 0003e 00042 0050b 00100 05900 002a7 0b 05 00 01 00 59 a7 02 4c 3e 42 80 
  221 000000000a5c 000000006d9a5c 0004d 0003e 00042 0050c 00000 00000 00281 0c 05 00 00 00 00 81 02 4d 3e 42 80 
  222 000000000a68 000000006d9a68 0004e 0003e 00042 0050d 00000 00000 00281 0d 05 00 00 00 00 81 02 4e 3e 42 80 
  223 000000000a74 000000006d9a74 0004f 0003e 00042 0050e 00000 00000 00281 0e 05 00 00 00 00 81 02 4f 3e 42 80 
  224 000000000a80 000000006d9a80 00050 0003e 00042 0050f 00000 00000 00281 0f 05 00 00 00 00 81 02 50 3e 42 80 
  225 000000000a8c 000000006d9a8c 00051 0003e 00042 0050c 00000 00000 00281 0c 05 00 00 00 00 81 02 51 3e 42 80 
  226 000000000a98 000000006d9a98 00052 0003e 00042 0050b 00000 0a700 002a7 0b 05 00 00 00 a7 a7 02 52 3e 42 80 
  227 000000000aa4 000000006d9aa4 0004c 00040 00041 00501 00100 07f01 00200 01 05 00 01 01 7f 00 02 4c 40 41 80 
  228 000000000ab0 000000006d9ab0 0004d 00040 00041 00510 00000 02d00 002d3 10 05 00 00 00 2d d3 02 4d 40 41 80 
  229 000000000abc 000000006d9abc 0004e 00040 00041 00510 00000 00000 002c0 10 05 00 00 00 00 c0 02 4e 40 41 80 
  230 000000000ac8 000000006d9ac8 0004f 00040 00041 00510 00000 00000 002c0 10 05 00 00 00 00 c0 02 4f 40 41 80 
  231 000000000ad4 000000006d9ad4 00050 00040 00041 00510 00000 00000 002c0 10 05 00 00 00 00 c0 02 50 40 41 80 
  232 000000000ae0 000000006d9ae0 00051 00040 00041 00510 00000 0d300 002d3 10 05 00 00 00 d3 d3 02 51 40 41 80 
  233 000000000aec 000000006d9aec 00052 00040 00041 00501 00300 08101 00200 01 05 00 03 01 81 00 02 52 40 41 80 
  234 000000000af8 000000006d9af8 0004c 0003f 00041 0050a 00100 00000 00200 0a 05 00 01 00 00 00 02 4c 3f 41 80 
  235 000000000b04 000000006d9b04 00052 0003f 00041 00506 00300 00000 00200 06 05 00 03 00 00 00 02 52 3f 41 80 
  236 000000000b10 000000006d9b10 0004c 0003e 00041 0050c 00100 07f00 00200 0c 05 00 01 00 7f 00 02 4c 3e 41 80 
  237 000000000b1c 000000006d9b1c 0004d 0003e 00041 00511 00000 02d01 002d3 11 05 00 00 01 2d d3 02 4d 3e 41 80 
  238 000000000b28 000000006d9b28 0004e 0003e 00041 00511 00300 00001 002c0 11 05 00 03 01 00 c0 02 4e 3e 41 80 
  239 000000000b34 000000006d9b34 0004f 0003e 00041 00511 00200 00001 002c0 11 05 00 02 01 00 c0 02 4f 3e 41 80 
  240 000000000b40 000000006d9b40 00050 0003e 00041 00511 00100 00001 002c0 11 05 00 01 01 00 c0 02 50 3e 41 80 
  241 000000000b4c 000000006d9b4c 00051 0003e 00041 00511 00000 0d301 002d3 11 05 00 00 01 d3 d3 02 51 3e 41 80 
  242 000000000b58 000000006d9b58 00052 0003e 00041 0050c 00300 08100 00200 0c 05 00 03 00 81 00 02 52 3e 41 80 
  243 000000000b64 000000006d9b64 0004c 00040 00040 0051a 00100 07f01 00200 1a 05 00 01 01 7f 00 02 4c 40 40 80 
  244 000000000b70 000000006d9b70 0004d 00040 00040 00510 00000 04000 00200 10 05 00 00 00 40 00 02 4d 40 40 80 
  245 000000000b7c 000000006d9b7c 0004e 00040 00040 00510 00000 00000 00200 10 05 00 00 00 00 00 02 4e 40 40 80 
  246 000000000b88 000000006d9b88 0004f 00040 00040 00510 00000 00000 00200 10 05 00 00 00 00 00 02 4f 40 40 80 
  247 000000000b94 000000006d9b94 00050 00040 00040 00510 00000 00000 00200 10 05 00 00 00 00 00 02 50 40 40 80 
  248 000000000ba0 000000006d9ba0 00051 00040 00040 00510 00000 0c000 00200 10 05 00 00 00 c0 00 02 51 40 40 80 
  249 000000000bac 000000006d9bac 00052 00040 00040 00501 00300 08101 00200 01 05 00 03 01 81 00 02 52 40 40 80 
  250 000000000bb8 000000006d9bb8 0004c 0003f 00040 00506 00100 00000 00200 06 05 00 01 00 00 00 02 4c 3f 40 80 
  251 000000000bc4 000000006d9bc4 00052 0003f 00040 0050a 00300 00000 00200 0a 05 00 03 00 00 00 02 52 3f 40 80 
  252 000000000bd0 000000006d9bd0 0004c 0003e 00040 0050c 00100 07f00 00200 0c 05 00 01 00 7f 00 02 4c 3e 40 80 
  253 000000000bdc 000000006d9bdc 0004d 0003e 00040 00511 00200 04001 00200 11 05 00 02 01 40 00 02 4d 3e 40 80 
  254 000000000be8 000000006d9be8 0004e 0003e 00040 00511 00300 00001 00200 11 05 00 03 01 00 00 02 4e 3e 40 80 
  255 000000000bf4 000000006d9bf4 0004f 0003e 00040 00511 00000 00001 00200 11 05 00 00 01 00 00 02 4f 3e 40 80 
  256 000000000c00 000000006d9c00 00050 0003e 00040 00511 00300 00001 00200 11 05 00 03 01 00 00 02 50 3e 40 80 
  257 000000000c0c 000000006d9c0c 00051 0003e 00040 00511 00200 0c001 00200 11 05 00 02 01 c0 00 02 51 3e 40 80 
  258 000000000c18 000000006d9c18 00052 0003e 00040 0050c 00300 08100 00200 0c 05 00 03 00 81 00 02 52 3e 40 80 
  259 000000000c24 000000006d9c24 0004c 00040 0003f 00501 00100 07f01 00200 01 05 00 01 01 7f 00 02 4c 40 3f 80 
  260 000000000c30 000000006d9c30 0004d 00040 0003f 00510 00000 04000 00200 10 05 00 00 00 40 00 02 4d 40 3f 80 
  261 000000000c3c 000000006d9c3c 0004e 00040 0003f 00510 00000 00000 00200 10 05 00 00 00 00 00 02 4e 40 3f 80 
  262 000000000c48 000000006d9c48 0004f 00040 0003f 00510 00000 00000 00200 10 05 00 00 00 00 00 02 4f 40 3f 80 
  263 000000000c54 000000006d9c54 00050 00040 0003f 00510 00000 00000 00200 10 05 00 00 00 00 00 02 50 40 3f 80 
  264 000000000c60 000000006d9c60 00051 00040 0003f 00510 00000 0c000 00200 10 05 00 00 00 c0 00 02 51 40 3f 80 
  265 000000000c6c 000000006d9c6c 00052 00040 0003f 00501 00300 08101 00200 01 05 00 03 01 81 00 02 52 40 3f 80 
  266 000000000c78 000000006d9c78 0004c 0003f 0003f 0050a 00100 00000 00200 0a 05 00 01 00 00 00 02 4c 3f 3f 80 
  267 000000000c84 000000006d9c84 00052 0003f 0003f 00506 00300 00000 00200 06 05 00 03 00 00 00 02 52 3f 3f 80 
  268 000000000c90 000000006d9c90 0004c 0003e 0003f 0050c 00100 07f00 00200 0c 05 00 01 00 7f 00 02 4c 3e 3f 80 
  269 000000000c9c 000000006d9c9c 0004d 0003e 0003f 00511 00000 04001 00200 11 05 00 00 01 40 00 02 4d 3e 3f 80 
  270 000000000ca8 000000006d9ca8 0004e 0003e 0003f 00511 00000 00001 00200 11 05 00 00 01 00 00 02 4e 3e 3f 80 
  271 000000000cb4 000000006d9cb4 0004f 0003e 0003f 00511 00300 00001 00200 11 05 00 03 01 00 00 02 4f 3e 3f 80 
  272 000000000cc0 000000006d9cc0 00050 0003e 0003f 00511 00200 00001 00200 11 05 00 02 01 00 00 02 50 3e 3f 80 
  273 000000000ccc 000000006d9ccc 00051 0003e 0003f 00511 00200 0c001 00200 11 05 00 02 01 c0 00 02 51 3e 3f 80 
  274 000000000cd8 000000006d9cd8 00052 0003e 0003f 0050c 00300 08100 00200 0c 05 00 03 00 81 00 02 52 3e 3f 80 
  275 000000000ce4 000000006d9ce4 0004c 00040 0003e 00501 00100 07f01 00200 01 05 00 01 01 7f 00 02 4c 40 3e 80 
  276 000000000cf0 000000006d9cf0 0004d 00040 0003e 00510 00000 02d00 0022d 10 05 00 00 00 2d 2d 02 4d 40 3e 80 
  277 000000000cfc 000000006d9cfc 0004e 00040 0003e 00510 00000 00000 00240 10 05 00 00 00 00 40 02 4e 40 3e 80 
  278 000000000d08 000000006d9d08 0004f 00040 0003e 00510 00000 00000 00240 10 05 00 00 00 00 40 02 4f 40 3e 80 
  279 000000000d14 000000006d9d14 00050 00040 0003e 00510 00000 00000 00240 10 05 00 00 00 00 40 02 50 40 3e 80 
  280 000000000d20 000000006d9d20 00051 00040 0003e 00510 00000 0d300 0022d 10 05 00 00 00 d3 2d 02 51 40 3e 80 
  281 000000000d2c 000000006d9d2c 00052 00040 0003e 00501 00300 08101 00200 01 05 00 03 01 81 00 02 52 40 3e 80 
  282 000000000d38 000000006d9d38 0004c 0003f 0003e 00506 00100 00000 00200 06 05 00 01 00 00 00 02 4c 3f 3e 80 
  283 000000000d44 000000006d9d44 00052 0003f 0003e 0050a 00300 00000 00200 0a 05 00 03 00 00 00 02 52 3f 3e 80 
  284 000000000d50 000000006d9d50 0004c 0003e 0003e 0050c 00100 07f00 00200 0c 05 00 01 00 7f 00 02 4c 3e 3e 80 
  285 000000000d5c 000000006d9d5c 0004d 0003e 0003e 00511 00100 02d01 0022d 11 05 00 01 01 2d 2d 02 4d 3e 3e 80 
  286 000000000d68 000000006d9d68 0004e 0003e 0003e 00511 00200 00001 00240 11 05 00 02 01 00 40 02 4e 3e 3e 80 
  287 000000000d74 000000006d9d74 0004f 0003e 0003e 00511 00300 00001 00240 11 05 00 03 01 00 40 02 4f 3e 3e 80 
  288 000000000d80 000000006d9d80 00050 0003e 0003e 00511 00200 00001 00240 11 05 00 02 01 00 40 02 50 3e 3e 80 
  289 000000000d8c 000000006d9d8c 00051 0003e 0003e 00511 00100 0d301 0022d 11 05 00 01 01 d3 2d 02 51 3e 3e 80 
  290 000000000d98 000000006d9d98 00052 0003e 0003e 0050c 00300 08100 00200 0c 05 00 03 00 81 00 02 52 3e 3e 80 
  291 000000000da4 000000006d9da4 0004c 00040 0003d 00500 00200 05900 00259 00 05 00 02 00 59 59 02 4c 40 3d 80 
  292 000000000db0 000000006d9db0 0004d 00040 0003d 00501 00200 00001 0027f 01 05 00 02 01 00 7f 02 4d 40 3d 80 
  293 000000000dbc 000000006d9dbc 0004e 00040 0003d 00504 00200 00001 0027f 04 05 00 02 01 00 7f 02 4e 40 3d 80 
  294 000000000dc8 000000006d9dc8 0004f 00040 0003d 00503 00200 00001 0027f 03 05 00 02 01 00 7f 02 4f 40 3d 80 
  295 000000000dd4 000000006d9dd4 00050 00040 0003d 00502 00200 00001 0027f 02 05 00 02 01 00 7f 02 50 40 3d 80 
  296 000000000de0 000000006d9de0 00051 00040 0003d 00501 00200 00001 0027f 01 05 00 02 01 00 7f 02 51 40 3d 80 
  297 000000000dec 000000006d9dec 00052 00040 0003d 00500 00300 0a700 00259 00 05 00 03 00 a7 59 02 52 40 3d 80 
  298 000000000df8 000000006d9df8 0004c 0003f 0003d 00505 00200 05900 00259 05 05 00 02 00 59 59 02 4c 3f 3d 80 
  299 000000000e04 000000006d9e04 0004d 0003f 0003d 0050a 00200 04000 00200 0a 05 00 02 00 40 00 02 4d 3f 3d 80 
  300 000000000e10 000000006d9e10 0004e 0003f 0003d 00509 00200 04000 00200 09 05 00 02 00 40 00 02 4e 3f 3d 80 
  301 000000000e1c 000000006d9e1c 0004f 0003f 0003d 00508 00200 00000 00240 08 05 00 02 00 00 40 02 4f 3f 3d 80 
  302 000000000e28 000000006d9e28 00050 0003f 0003d 00507 00200 0c000 00200 07 05 00 02 00 c0 00 02 50 3f 3d 80 
  303 000000000e34 000000006d9e34 00051 0003f 0003d 00506 00200 0c000 00200 06 05 00 02 00 c0 00 02 51 3f 3d 80 
  304 000000000e40 000000006d9e40 00052 0003f 0003d 00505 00300 0a700 00259 05 05 00 03 00 a7 59 02 52 3f 3d 80 
  305 000000000e4c 000000006d9e4c 0004c 0003e 0003d 0050b 00200 05900 00259 0b 05 00 02 00 59 59 02 4c 3e 3d 80 
  306 000000000e58 000000006d9e58 0004d 0003e 0003d 0050c 00200 00000 0027f 0c 05 00 02 00 00 7f 02 4d 3e 3d 80 
  307 000000000e64 000000006d9e64 0004e 0003e 0003d 0050f 00200 00000 0027f 0f 05 00 02 00 00 7f 02 4e 3e 3d 80 
  308 000000000e70 000000006d9e70 0004f 0003e 0003d 0050e 00200 00000 0027f 0e 05 00 02 00 00 7f 02 4f 3e 3d 80 
  309 000000000e7c 000000006d9e7c 00050 0003e 0003d 0050d 00200 00000 0027f 0d 05 00 02 00 00 7f 02 50 3e 3d 80 
  310 000000000e88 000000006d9e88 00051 0003e 0003d 0050c 00200 00000 0027f 0c 05 00 02 00 00 7f 02 51 3e 3d 80 
  311 000000000e94 000000006d9e94 00052 0003e 0003d 0050b 00300 0a700 00259 0b 05 00 03 00 a7 59 02 52 3e 3d 80 
  312 000000000ea0 000000006d9ea0 0004d 00040 00047 00400 00100 05900 002a7 00 04 00 01 00 59 a7 02 4d 40 47 80 
  313 000000000eac 000000006d9eac 0004e 00040 00047 00401 00000 00001 00281 01 04 00 00 01 00 81 02 4e 40 47 80 
  314 000000000eb8 000000006d9eb8 0004f 00040 00047 0041a 00000 00001 00281 1a 04 00 00 01 00 81 02 4f 40 47 80 
  315 000000000ec4 000000006d9ec4 00050 00040 00047 00401 00000 00001 00281 01 04 00 00 01 00 81 02 50 40 47 80 
  316 000000000ed0 000000006d9ed0 00051 00040 00047 00400 00000 0a700 002a7 00 04 00 00 00 a7 a7 02 51 40 47 80 
  317 000000000edc 000000006d9edc 0004d 0003f 00047 00412 00100 05900 002a7 12 04 00 01 00 59 a7 02 4d 3f 47 80 
  318 000000000ee8 000000006d9ee8 0004e 0003f 00047 00413 00000 00000 00281 13 04 00 00 00 00 81 02 4e 3f 47 80 
  319 000000000ef4 000000006d9ef4 0004f 0003f 00047 00414 00000 00000 00281 14 04 00 00 00 00 81 02 4f 3f 47 80 
  320 000000000f00 000000006d9f00 00050 0003f 00047 00413 00000 00000 00281 13 04 00 00 00 00 81 02 50 3f 47 80 
  321 000000000f0c 000000006d9f0c 00051 0003f 00047 00412 00000 0a700 002a7 12 04 00 00 00 a7 a7 02 51 3f 47 80 
  322 000000000f18 000000006d9f18 0004d 00040 00046 00401 00100 07f01 00200 01 04 00 01 01 7f 00 02 4d 40 46 80 
  323 000000000f24 000000006d9f24 0004e 00040 00046 00410 00000 02d00 002d3 10 04 00 00 00 2d d3 02 4e 40 46 80 
  324 000000000f30 000000006d9f30 0004f 00040 00046 00410 00000 00000 002c0 10 04 00 00 00 00 c0 02 4f 40 46 80 
  325 000000000f3c 000000006d9f3c 00050 00040 00046 00410 00000 0d300 002d3 10 04 00 00 00 d3 d3 02 50 40 46 80 
  326 000000000f48 000000006d9f48 00051 00040 00046 00401 00300 08101 00200 01 04 00 03 01 81 00 02 51 40 46 80 
  327 000000000f54 000000006d9f54 0004d 0003f 00046 00414 00100 07f00 00200 14 04 00 01 00 7f 00 02 4d 3f 46 80 
  328 000000000f60 000000006d9f60 0004e 0003f 00046 00416 00300 02d01 002d3 16 04 00 03 01 2d d3 02 4e 3f 46 80 
  329 000000000f6c 000000006d9f6c 0004f 0003f 00046 00416 00200 00001 002c0 16 04 00 02 01 00 c0 02 4f 3f 46 80 
  330 000000000f78 000000006d9f78 00050 0003f 00046 00416 00100 0d301 002d3 16 04 00 01 01 d3 d3 02 50 3f 46 80 
  331 000000000f84 000000006d9f84 00051 0003f 00046 00414 00300 08100 00200 14 04 00 03 00 81 00 02 51 3f 46 80 
  332 000000000f90 000000006d9f90 0004d 00040 00045 00401 00100 07f01 00200 01 04 00 01 01 7f 00 02 4d 40 45 80 
  333 000000000f9c 000000006d9f9c 0004e 00040 00045 00410 00000 04000 00200 10 04 00 00 00 40 00 02 4e 40 45 80 
  334 000000000fa8 000000006d9fa8 0004f 00040 00045 00410 00000 00000 00200 10 04 00 00 00 00 00 02 4f 40 45 80 
  335 000000000fb4 000000006d9fb4 00050 00040 00045 00410 00000 0c000 00200 10 04 00 00 00 c0 00 02 50 40 45 80 
  336 000000000fc0 000000006d9fc0 00051 00040 00045 00401 00300 08101 00200 01 04 00 03 01 81 00 02 51 40 45 80 
  337 000000000fcc 000000006d9fcc 0004d 0003f 00045 00413 00100 07f00 00200 13 04 00 01 00 7f 00 02 4d 3f 45 80 
  338 000000000fd8 000000006d9fd8 0004e 0003f 00045 00416 00000 04001 00200 16 04 00 00 01 40 00 02 4e 3f 45 80 
  339 000000000fe4 000000006d9fe4 0004f 0003f 00045 00416 00300 00001 00200 16 04 00 03 01 00 00 02 4f 3f 45 80 
  340 000000000ff0 000000006d9ff0 00050 0003f 00045 00416 00000 0c001 00200 16 04 00 00 01 c0 00 02 50 3f 45 80 
  341 000000000ffc 000000006d9ffc 00051 0003f 00045 00414 00300 08100 00200 14 04 00 03 00 81 00 02 51 3f 45 80 
  342 000000001008 000000006da008 0004d 00040 00044 00401 00100 07f01 00200 01 04 00 01 01 7f 00 02 4d 40 44 80 
  343 000000001014 000000006da014 0004e 00040 00044 00410 00000 02d00 0022d 10 04 00 00 00 2d 2d 02 4e 40 44 80 
  344 000000001020 000000006da020 0004f 00040 00044 00410 00000 00000 00240 10 04 00 00 00 00 40 02 4f 40 44 80 
  345 00000000102c 000000006da02c 00050 00040 00044 00410 00000 0d300 0022d 10 04 00 00 00 d3 2d 02 50 40 44 80 
  346 000000001038 000000006da038 00051 00040 00044 00401 00300 08101 00200 01 04 00 03 01 81 00 02 51 40 44 80 
  347 000000001044 000000006da044 0004d 0003f 00044 00414 00100 07f00 00200 14 04 00 01 00 7f 00 02 4d 3f 44 80 
  348 000000001050 000000006da050 0004e 0003f 00044 00416 00100 02d01 0022d 16 04 00 01 01 2d 2d 02 4e 3f 44 80 
  349 00000000105c 000000006da05c 0004f 0003f 00044 00416 00300 00001 00240 16 04 00 03 01 00 40 02 4f 3f 44 80 
  350 000000001068 000000006da068 00050 0003f 00044 00416 00100 0d301 0022d 16 04 00 01 01 d3 2d 02 50 3f 44 80 
  351 000000001074 000000006da074 00051 0003f 00044 00414 00300 08100 00200 14 04 00 03 00 81 00 02 51 3f 44 80 
  352 000000001080 000000006da080 0004d 00040 00043 00400 00200 05900 00259 00 04 00 02 00 59 59 02 4d 40 43 80 
  353 00000000108c 000000006da08c 0004e 00040 00043 00404 00200 00001 0027f 04 04 00 02 01 00 7f 02 4e 40 43 80 
  354 000000001098 000000006da098 0004f 00040 00043 00403 00200 00001 0027f 03 04 00 02 01 00 7f 02 4f 40 43 80 
  355 0000000010a4 000000006da0a4 00050 00040 00043 00402 00200 00001 0027f 02 04 00 02 01 00 7f 02 50 40 43 80 
  356 0000000010b0 000000006da0b0 00051 00040 00043 00400 00300 0a700 00259 00 04 00 03 00 a7 59 02 51 40 43 80 
  357 0000000010bc 000000006da0bc 0004d 0003f 00043 00412 00200 05900 00259 12 04 00 02 00 59 59 02 4d 3f 43 80 
  358 0000000010c8 000000006da0c8 0004e 0003f 00043 00417 00200 00000 0027f 17 04 00 02 00 00 7f 02 4e 3f 43 80 
  359 0000000010d4 000000006da0d4 0004f 0003f 00043 00418 00200 00000 0027f 18 04 00 02 00 00 7f 02 4f 3f 43 80 
  360 0000000010e0 000000006da0e0 00050 0003f 00043 00419 00200 00000 0027f 19 04 00 02 00 00 7f 02 50 3f 43 80 
  361 0000000010ec 000000006da0ec 00051 0003f 00043 00412 00300 0a700 00259 12 04 00 03 00 a7 59 02 51 3f 43 80 
  362 0000000010f8 000000006da0f8 0004d 00040 0003c 00600 00100 05900 002a7 00 06 00 01 00 59 a7 02 4d 40 3c 80 
  363 000000001104 000000006da104 0004e 00040 0003c 00602 00000 00001 00281 02 06 00 00 01 00 81 02 4e 40 3c 80 
  364 000000001110 000000006da110 0004f 00040 0003c 00603 00000 00001 00281 03 06 00 00 01 00 81 02 4f 40 3c 80 
  365 00000000111c 000000006da11c 00050 00040 0003c 00604 00000 00001 00281 04 06 00 00 01 00 81 02 50 40 3c 80 
  366 000000001128 000000006da128 00051 00040 0003c 00600 00000 0a700 002a7 00 06 00 00 00 a7 a7 02 51 40 3c 80 
  367 000000001134 000000006da134 0004d 0003f 0003c 00612 00100 05900 002a7 12 06 00 01 00 59 a7 02 4d 3f 3c 80 
  368 000000001140 000000006da140 0004e 0003f 0003c 00619 00000 00000 00281 19 06 00 00 00 00 81 02 4e 3f 3c 80 
  369 00000000114c 000000006da14c 0004f 0003f 0003c 00618 00000 00000 00281 18 06 00 00 00 00 81 02 4f 3f 3c 80 
  370 000000001158 000000006da158 00050 0003f 0003c 00617 00000 00000 00281 17 06 00 00 00 00 81 02 50 3f 3c 80 
  371 000000001164 000000006da164 00051 0003f 0003c 00612 00000 0a700 002a7 12 06 00 00 00 a7 a7 02 51 3f 3c 80 
  372 000000001170 000000006da170 0004d 00040 0003b 00601 00100 07f01 00200 01 06 00 01 01 7f 00 02 4d 40 3b 80 
  373 00000000117c 000000006da17c 0004e 00040 0003b 00610 00000 02d00 002d3 10 06 00 00 00 2d d3 02 4e 40 3b 80 
  374 000000001188 000000006da188 0004f 00040 0003b 00610 00000 00000 002c0 10 06 00 00 00 00 c0 02 4f 40 3b 80 
  375 000000001194 000000006da194 00050 00040 0003b 00610 00000 0d300 002d3 10 06 00 00 00 d3 d3 02 50 40 3b 80 
  376 0000000011a0 000000006da1a0 00051 00040 0003b 00601 00300 08101 00200 01 06 00 03 01 81 00 02 51 40 3b 80 
  377 0000000011ac 000000006da1ac 0004d 0003f 0003b 00614 00100 07f00 00200 14 06 00 01 00 7f 00 02 4d 3f 3b 80 
  378 0000000011b8 000000006da1b8 0004e 0003f 0003b 00616 00000 02d01 002d3 16 06 00 00 01 2d d3 02 4e 3f 3b 80 
  379 0000000011c4 000000006da1c4 0004f 0003f 0003b 00616 00300 00001 002c0 16 06 00 03 01 00 c0 02 4f 3f 3b 80 
  380 0000000011d0 000000006da1d0 00050 0003f 0003b 00616 00200 0d301 002d3 16 06 00 02 01 d3 d3 02 50 3f 3b 80 
  381 0000000011dc 000000006da1dc 00051 0003f 0003b 00614 00300 08100 00200 14 06 00 03 00 81 00 02 51 3f 3b 80 
  382 0000000011e8 000000006da1e8 0004d 00040 0003a 00601 00100 07f01 00200 01 06 00 01 01 7f 00 02 4d 40 3a 80 
  383 0000000011f4 000000006da1f4 0004e 00040 0003a 00610 00000 04000 00200 10 06 00 00 00 40 00 02 4e 40 3a 80 
  384 000000001200 000000006da200 0004f 00040 0003a 00610 00000 00000 00200 10 06 00 00 00 00 00 02 4f 40 3a 80 
  385 00000000120c 000000006da20c 00050 00040 0003a 00610 00000 0c000 00200 10 06 00 00 00 c0 00 02 50 40 3a 80 
  386 000000001218 000000006da218 00051 00040 0003a 00601 00300 08101 00200 01 06 00 03 01 81 00 02 51 40 3a 80 
  387 000000001224 000000006da224 0004d 0003f 0003a 00613 00100 07f00 00200 13 06 00 01 00 7f 00 02 4d 3f 3a 80 
  388 000000001230 000000006da230 0004e 0003f 0003a 00616 00300 04001 00200 16 06 00 03 01 40 00 02 4e 3f 3a 80 
  389 00000000123c 000000006da23c 0004f 0003f 0003a 00616 00000 00001 00200 16 06 00 00 01 00 00 02 4f 3f 3a 80 
  390 000000001248 000000006da248 00050 0003f 0003a 00616 00100 0c001 00200 16 06 00 01 01 c0 00 02 50 3f 3a 80 
  391 000000001254 000000006da254 00051 0003f 0003a 00613 00300 08100 00200 13 06 00 03 00 81 00 02 51 3f 3a 80 
  392 000000001260 000000006da260 0004d 00040 00039 00601 00100 07f01 00200 01 06 00 01 01 7f 00 02 4d 40 39 80 
  393 00000000126c 000000006da26c 0004e 00040 00039 00610 00000 02d00 0022d 10 06 00 00 00 2d 2d 02 4e 40 39 80 
  394 000000001278 000000006da278 0004f 00040 00039 00610 00000 00000 00240 10 06 00 00 00 00 40 02 4f 40 39 80 
  395 000000001284 000000006da284 00050 00040 00039 00610 00000 0d300 0022d 10 06 00 00 00 d3 2d 02 50 40 39 80 
  396 000000001290 000000006da290 00051 00040 00039 00601 00300 08101 00200 01 06 00 03 01 81 00 02 51 40 39 80 
  397 00000000129c 000000006da29c 0004d 0003f 00039 00614 00100 07f00 00200 14 06 00 01 00 7f 00 02 4d 3f 39 80 
  398 0000000012a8 000000006da2a8 0004e 0003f 00039 00616 00200 02d01 0022d 16 06 00 02 01 2d 2d 02 4e 3f 39 80 
  399 0000000012b4 000000006da2b4 0004f 0003f 00039 00616 00100 00001 00240 16 06 00 01 01 00 40 02 4f 3f 39 80 
  400 0000000012c0 000000006da2c0 00050 0003f 00039 00616 00000 0d301 0022d 16 06 00 00 01 d3 2d 02 50 3f 39 80 
  401 0000000012cc 000000006da2cc 00051 0003f 00039 00614 00300 08100 00200 14 06 00 03 00 81 00 02 51 3f 39 80 
  402 0000000012d8 000000006da2d8 0004d 00040 00038 00600 00200 05900 00259 00 06 00 02 00 59 59 02 4d 40 38 80 
  403 0000000012e4 000000006da2e4 0004e 00040 00038 00601 00200 00001 0027f 01 06 00 02 01 00 7f 02 4e 40 38 80 
  404 0000000012f0 000000006da2f0 0004f 00040 00038 0061a 00200 00001 0027f 1a 06 00 02 01 00 7f 02 4f 40 38 80 
  405 0000000012fc 000000006da2fc 00050 00040 00038 00601 00200 00001 0027f 01 06 00 02 01 00 7f 02 50 40 38 80 
  406 000000001308 000000006da308 00051 00040 00038 00600 00300 0a700 00259 00 06 00 03 00 a7 59 02 51 40 38 80 
  407 000000001314 000000006da314 0004d 0003f 00038 00612 00200 05900 00259 12 06 00 02 00 59 59 02 4d 3f 38 80 
  408 000000001320 000000006da320 0004e 0003f 00038 00613 00200 00000 0027f 13 06 00 02 00 00 7f 02 4e 3f 38 80 
  409 00000000132c 000000006da32c 0004f 0003f 00038 00614 00200 00000 0027f 14 06 00 02 00 00 7f 02 4f 3f 38 80 
  410 000000001338 000000006da338 00050 0003f 00038 00613 00200 00000 0027f 13 06 00 02 00 00 7f 02 50 3f 38 80 
  411 000000001344 000000006da344 00051 0003f 00038 00612 00300 0a700 00259 12 06 00 03 00 a7 59 02 51 3f 38 80 
  412 000000001350 000000006da350 00046 00040 00045 00310 00000 02d00 001d3 10 03 00 00 00 2d d3 01 46 40 45 80 
  413 00000000135c 000000006da35c 00047 00040 00046 0031a 00000 00001 00181 1a 03 00 00 01 00 81 01 47 40 46 80 
  414 000000001368 000000006da368 00048 00040 00046 00301 00000 00001 00181 01 03 00 00 01 00 81 01 48 40 46 80 
  415 000000001374 000000006da374 00049 00040 00045 00301 00300 08101 00100 01 03 00 03 01 81 00 01 49 40 45 80 
  416 000000001380 000000006da380 00046 00040 00044 00310 00100 04000 00100 10 03 00 01 00 40 00 01 46 40 44 80 
  417 00000000138c 000000006da38c 00048 00040 00043 00310 00200 0d300 0012d 10 03 00 02 00 d3 2d 01 48 40 43 80 
  418 000000001398 000000006da398 00049 00040 00044 00301 00300 08101 00100 01 03 00 03 01 81 00 01 49 40 44 80 
  419 0000000013a4 000000006da3a4 00047 00040 00043 00310 00100 00000 00140 10 03 00 01 00 00 40 01 47 40 43 80 
  420 0000000013b0 000000006da3b0 0003d 00040 00046 0ff1b 00000 00000 00000 1b ff 00 00 00 00 00 00 3d 40 46 80 
  421 0000000013bc 000000006da3bc 0003c 00040 00046 0ff1b 00000 00000 0ff00 1b ff 00 00 00 00 00 ff 3c 40 46 80 
  422 0000000013c8 000000006da3c8 0003b 00040 00046 0ff1c 00000 00000 0ff00 1c ff 00 00 00 00 00 ff 3b 40 46 80 
  423 0000000013d4 000000006da3d4 00049 00040 00046 00300 00000 0a700 001a7 00 03 00 00 00 a7 a7 01 49 40 46 80 
  424 0000000013e0 000000006da3e0 00045 00040 00043 00301 00100 07f01 00100 01 03 00 01 01 7f 00 01 45 40 43 80 
  425 0000000013ec 000000006da3ec 00049 00040 00043 00301 00300 08101 00100 01 03 00 03 01 81 00 01 49 40 43 80 
  426 0000000013f8 000000006da3f8 00045 00040 00042 00300 00200 05900 00159 00 03 00 02 00 59 59 01 45 40 42 80 
  427 000000001404 000000006da404 00046 00040 00042 00301 00200 00001 0017f 01 03 00 02 01 00 7f 01 46 40 42 80 
  428 000000001410 000000006da410 00048 00040 00042 00301 00200 00001 0017f 01 03 00 02 01 00 7f 01 48 40 42 80 
  429 00000000141c 000000006da41c 00049 00040 00042 00300 00300 0a700 00159 00 03 00 03 00 a7 59 01 49 40 42 80 
  430 000000001428 000000006da428 00047 00040 00045 00310 00000 00000 001c0 10 03 00 00 00 00 c0 01 47 40 45 80 
  431 000000001434 000000006da434 00048 00040 00045 00310 00000 0d300 001d3 10 03 00 00 00 d3 d3 01 48 40 45 80 
  432 000000001440 000000006da440 00047 00040 00044 00310 00000 00000 00100 10 03 00 00 00 00 00 01 47 40 44 80 
  433 00000000144c 000000006da44c 00048 00040 00044 00310 00000 0c000 00100 10 03 00 00 00 c0 00 01 48 40 44 80 
  434 000000001458 000000006da458 00045 00040 00046 00300 00100 05900 001a7 00 03 00 01 00 59 a7 01 45 40 46 80 
  435 000000001464 000000006da464 00046 00040 00046 00301 00000 00001 00181 01 03 00 00 01 00 81 01 46 40 46 80 
  436 000000001470 000000006da470 00045 00040 00044 00301 00100 07f01 00100 01 03 00 01 01 7f 00 01 45 40 44 80 
  437 00000000147c 000000006da47c 00046 00040 00043 00310 00000 02d00 0012d 10 03 00 00 00 2d 2d 01 46 40 43 80 
  438 000000001488 000000006da488 00045 00040 00045 00301 00100 07f01 00100 01 03 00 01 01 7f 00 01 45 40 45 80 
  439 000000001494 000000006da494 00047 00040 00042 00301 00200 00001 0017f 01 03 00 02 01 00 7f 01 47 40 42 80 
  440 0000000014a0 000000006da4a0 00045 0003f 00046 00312 00100 05900 001a7 12 03 00 01 00 59 a7 01 45 3f 46 80 
  441 0000000014ac 000000006da4ac 00046 0003f 00046 00313 00000 00000 00181 13 03 00 00 00 00 81 01 46 3f 46 80 
  442 0000000014b8 000000006da4b8 00047 0003f 00046 00314 00000 00000 00181 14 03 00 00 00 00 81 01 47 3f 46 80 
  443 0000000014c4 000000006da4c4 00048 0003f 00046 00313 00000 00000 00181 13 03 00 00 00 00 81 01 48 3f 46 80 
  444 0000000014d0 000000006da4d0 00049 0003f 00046 00312 00000 0a700 001a7 12 03 00 00 00 a7 a7 01 49 3f 46 80 
  445 0000000014dc 000000006da4dc 00045 0003f 00045 00314 00100 07f00 00100 14 03 00 01 00 7f 00 01 45 3f 45 80 
  446 0000000014e8 000000006da4e8 00046 0003f 00045 00316 00300 02d01 001d3 16 03 00 03 01 2d d3 01 46 3f 45 80 
  447 0000000014f4 000000006da4f4 00047 0003f 00045 00316 00200 00001 001c0 16 03 00 02 01 00 c0 01 47 3f 45 80 
  448 000000001500 000000006da500 00048 0003f 00045 00316 00100 0d301 001d3 16 03 00 01 01 d3 d3 01 48 3f 45 80 
  449 00000000150c 000000006da50c 00049 0003f 00045 00314 00300 08100 00100 14 03 00 03 00 81 00 01 49 3f 45 80 
  450 000000001518 000000006da518 00045 0003f 00044 00313 00100 07f00 00100 13 03 00 01 00 7f 00 01 45 3f 44 80 
  451 000000001524 000000006da524 00046 0003f 00044 00316 00000 04001 00100 16 03 00 00 01 40 00 01 46 3f 44 80 
  452 000000001530 000000006da530 00047 0003f 00044 00316 00300 00001 00100 16 03 00 03 01 00 00 01 47 3f 44 80 
  453 00000000153c 000000006da53c 00048 0003f 00044 00316 00000 0c001 00100 16 03 00 00 01 c0 00 01 48 3f 44 80 
  454 000000001548 000000006da548 00049 0003f 00044 00314 00300 08100 00100 14 03 00 03 00 81 00 01 49 3f 44 80 
  455 000000001554 000000006da554 00045 0003f 00043 00314 00100 07f00 00100 14 03 00 01 00 7f 00 01 45 3f 43 80 
  456 000000001560 000000006da560 00046 0003f 00043 00316 00100 02d01 0012d 16 03 00 01 01 2d 2d 01 46 3f 43 80 
  457 00000000156c 000000006da56c 00047 0003f 00043 00316 00300 00001 00140 16 03 00 03 01 00 40 01 47 3f 43 80 
  458 000000001578 000000006da578 00048 0003f 00043 00316 00100 0d301 0012d 16 03 00 01 01 d3 2d 01 48 3f 43 80 
  459 000000001584 000000006da584 00049 0003f 00043 00314 00300 08100 00100 14 03 00 03 00 81 00 01 49 3f 43 80 
  460 000000001590 000000006da590 00045 0003f 00042 00312 00200 05900 00159 12 03 00 02 00 59 59 01 45 3f 42 80 
  461 00000000159c 000000006da59c 00046 0003f 00042 00313 00200 00000 0017f 13 03 00 02 00 00 7f 01 46 3f 42 80 
  462 0000000015a8 000000006da5a8 00048 0003f 00042 00313 00200 00000 0017f 13 03 00 02 00 00 7f 01 48 3f 42 80 
  463 0000000015b4 000000006da5b4 00049 0003f 00042 00312 00300 0a700 00159 12 03 00 03 00 a7 59 01 49 3f 42 80 
  464 0000000015c0 000000006da5c0 00047 0003f 00042 00313 00200 00000 0017f 13 03 00 02 00 00 7f 01 47 3f 42 80 
  465 0000000015cc 000000006da5cc  BLANK  BLANK  BLANK 0ff00 00000 00000 0ff00 00 ff 00 00 00 00 00 ff ff 00 00 00 
  466 0000000015d8 000000006da5d8  BLANK  BLANK  BLANK 0ff00 00000 00001 0ff00 00 ff 00 00 01 00 00 ff ff 00 00 00 
  467 0000000015e4 000000006da5e4  BLANK  BLANK  BLANK 0ff00 00000 00000 0ff00 00 ff 00 00 00 00 00 ff ff 00 00 00 
  468 0000000015f0 000000006da5f0  BLANK  BLANK  BLANK 0ff00 00000 00000 0ff00 00 ff 00 00 00 00 00 ff ff 00 00 00 
  469 0000000015fc 000000006da5fc  BLANK  BLANK  BLANK 0ff00 00000 00000 0ff00 00 ff 00 00 00 00 00 ff ff 00 00 00 
  470 000000001608 000000006da608  BLANK  BLANK  BLANK 0ff00 00000 00001 0ff00 00 ff 00 00 01 00 00 ff ff 00 00 00 
  471 000000001614 000000006da614  BLANK  BLANK  BLANK 0ff00 00000 00000 0ff00 00 ff 00 00 00 00 00 ff ff 00 00 00 
  472 000000001620 000000006da620  BLANK  BLANK  BLANK 0ff00 00000 00001 0ff00 00 ff 00 00 01 00 00 ff ff 00 00 00 
  473 00000000162c 000000006da62c  BLANK  BLANK  BLANK 0ff00 00000 00001 0ff00 00 ff 00 00 01 00 00 ff ff 00 00 00 
  474 000000001638 000000006da638  BLANK  BLANK  BLANK 0ff00 00000 00001 0ff00 00 ff 00 00 01 00 00 ff ff 00 00 00 
  475 000000001644 000000006da644  BLANK  BLANK  BLANK 0ff00 00000 00000 0ff00 00 ff 00 00 00 00 00 ff ff 00 00 00 
  476 000000001650 000000006da650  BLANK  BLANK  BLANK 0ff00 00000 00001 0ff00 00 ff 00 00 01 00 00 ff ff 00 00 00 
  477 00000000165c 000000006da65c  BLANK  BLANK  BLANK 0ff00 00000 00000 0ff00 00 ff 00 00 00 00 00 ff ff 00 00 00 
  478 000000001668 000000006da668  BLANK  BLANK  BLANK 0ff00 00000 00000 0ff00 00 ff 00 00 00 00 00 ff ff 00 00 00 
  479 000000001674 000000006da674  BLANK  BLANK  BLANK 0ff00 00000 00000 0ff00 00 ff 00 00 00 00 00 ff ff 00 00 00 
  480 000000001680 000000006da680  BLANK  BLANK  BLANK 0ff00 00000 00001 0ff00 00 ff 00 00 01 00 00 ff ff 00 00 00 
  481 00000000168c 000000006da68c  BLANK  BLANK  BLANK 0ff00 00000 00000 0ff00 00 ff 00 00 00 00 00 ff ff 00 00 00 
  482 000000001698 000000006da698  BLANK  BLANK  BLANK 0ff00 00000 00001 0ff00 00 ff 00 00 01 00 00 ff ff 00 00 00 
  483 0000000016a4 000000006da6a4  BLANK  BLANK  BLANK 0ff00 00000 00001 0ff00 00 ff 00 00 01 00 00 ff ff 00 00 00 
  484 0000000016b0 000000006da6b0  BLANK  BLANK  BLANK 0ff00 00000 00001 0ff00 00 ff 00 00 01 00 00 ff ff 00 00 00 
  485 0000000016bc 000000006da6bc  BLANK  BLANK  BLANK 0ff00 00000 00000 0ff00 00 ff 00 00 00 00 00 ff ff 00 00 00 
  486 0000000016c8 000000006da6c8  BLANK  BLANK  BLANK 0ff00 00000 00001 0ff00 00 ff 00 00 01 00 00 ff ff 00 00 00 
  487 0000000016d4 000000006da6d4  BLANK  BLANK  BLANK 0ff00 00000 00000 0ff00 00 ff 00 00 00 00 00 ff ff 00 00 00 
  488 0000000016e0 000000006da6e0  BLANK  BLANK  BLANK 0ff00 00000 00000 0ff00 00 ff 00 00 00 00 00 ff ff 00 00 00 
  489 0000000016ec 000000006da6ec  BLANK  BLANK  BLANK 0ff00 00000 00000 0ff00 00 ff 00 00 00 00 00 ff ff 00 00 00 
  490 0000000016f8 000000006da6f8  BLANK  BLANK  BLANK 0ff00 00000 00001 0ff00 00 ff 00 00 01 00 00 ff ff 00 00 00 
  491 000000001704 000000006da704  BLANK  BLANK  BLANK 0ff00 00000 00000 0ff00 00 ff 00 00 00 00 00 ff ff 00 00 00 
  492 000000001710 000000006da710  BLANK  BLANK  BLANK 0ff00 00000 00001 0ff00 00 ff 00 00 01 00 00 ff ff 00 00 00 
  493 00000000171c 000000006da71c  BLANK  BLANK  BLANK 0ff00 00000 00001 0ff00 00 ff 00 00 01 00 00 ff ff 00 00 00 
  494 000000001728 000000006da728  BLANK  BLANK  BLANK 0ff00 00000 00001 0ff00 00 ff 00 00 01 00 00 ff ff 00 00 00 
  495 000000001734 000000006da734  BLANK  BLANK  BLANK 0ff00 00000 00000 0ff00 00 ff 00 00 00 00 00 ff ff 00 00 00 
  496 000000001740 000000006da740  BLANK  BLANK  BLANK 0ff00 00000 00000 0ff00 00 ff 00 00 00 00 00 ff ff 00 00 00 
  497 00000000174c 000000006da74c  BLANK  BLANK  BLANK 0ff00 00000 00001 0ff00 00 ff 00 00 01 00 00 ff ff 00 00 00 
  498 000000001758 000000006da758  BLANK  BLANK  BLANK 0ff00 00000 00001 0ff00 00 ff 00 00 01 00 00 ff ff 00 00 00 
  499 000000001764 000000006da764  BLANK  BLANK  BLANK 0ff00 00000 00001 0ff00 00 ff 00 00 01 00 00 ff ff 00 00 00 
  500 000000001770 000000006da770  BLANK  BLANK  BLANK 0ff00 00000 00000 0ff00 00 ff 00 00 00 00 00 ff ff 00 00 00 
  501 00000000177c 000000006da77c  BLANK  BLANK  BLANK 0ff00 00000 00000 0ff00 00 ff 00 00 00 00 00 ff ff 00 00 00 
  502 000000001788 000000006da788  BLANK  BLANK  BLANK 0ff00 00000 00000 0ff00 00 ff 00 00 00 00 00 ff ff 00 00 00 
  503 000000001794 000000006da794  BLANK  BLANK  BLANK 0ff00 00000 00000 0ff00 00 ff 00 00 00 00 00 ff ff 00 00 00 
  504 0000000017a0 000000006da7a0  BLANK  BLANK  BLANK 0ff00 00000 00000 0ff00 00 ff 00 00 00 00 00 ff ff 00 00 00 
  505 0000000017ac 000000006da7ac  BLANK  BLANK  BLANK 0ff00 00000 00000 0ff00 00 ff 00 00 00 00 00 ff ff 00 00 00 
  506 0000000017b8 000000006da7b8  BLANK  BLANK  BLANK 0ff00 00000 00000 0ff00 00 ff 00 00 00 00 00 ff ff 00 00 00 
  507 0000000017c4 000000006da7c4  BLANK  BLANK  BLANK 0ff00 00000 00001 0ff00 00 ff 00 00 01 00 00 ff ff 00 00 00 
  508 0000000017d0 000000006da7d0  BLANK  BLANK  BLANK 0ff00 00000 00001 0ff00 00 ff 00 00 01 00 00 ff ff 00 00 00 
  509 0000000017dc 000000006da7dc  BLANK  BLANK  BLANK 0ff00 00000 00001 0ff00 00 ff 00 00 01 00 00 ff ff 00 00 00 
  510 0000000017e8 000000006da7e8  BLANK  BLANK  BLANK 0ff00 00000 00000 0ff00 00 ff 00 00 00 00 00 ff ff 00 00 00 
  511 0000000017f4 000000006da7f4  BLANK  BLANK  BLANK 0ff00 00000 00000 0ff00 00 ff 00 00 00 00 00 ff ff 00 00 00 

========================================================================================================================
Summary for illusion_world_worship_domain:
  Total tiles: 512
  Non-blank tiles: 465
  Blank tiles: 47
