Area: water_world_impure_pool_area
Index: 11
========================================================================================================================

Tile Format (12 bytes = 0x0C):
  Offset 0x00-0x01: x position (UInt16)
  Offset 0x02-0x03: y position (UInt16)
  Offset 0x04-0x05: z position (UInt16)
  Offset 0x06-0x07: rotation_z (UInt16)
  Offset 0x08: tileX (UInt8) - blank if 0xFF
  Offset 0x09: tileY (UInt8)
  Offset 0x0A: tileZ (UInt8)
  Offset 0x0B: unknown (UInt8)
========================================================================================================================

Index OffsetInFile AbsoluteOffset TileX TileY TileZ PosX  PosY  PosZ  RotZ  RawBytes (hex)
------------------------------------------------------------------------------------------------------------------------
    0 000000000000 0000000051d000 00040 00040 00040 00500 00000 00000 00100 00 05 00 00 00 00 00 01 40 40 40 80 
    1 00000000000c 0000000051d00c 00040 00040 00041 00500 00000 00000 001c0 00 05 00 00 00 00 c0 01 40 40 41 80 
    2 000000000018 0000000051d018 00040 00040 0003f 00500 00000 00000 00140 00 05 00 00 00 00 40 01 40 40 3f 80 
    3 000000000024 0000000051d024 00040 00040 00042 00501 00000 00000 00181 01 05 00 00 00 00 81 01 40 40 42 80 
    4 000000000030 0000000051d030 00041 00040 00042 00502 00000 0c801 0018f 02 05 00 00 01 c8 8f 01 41 40 42 80 
    5 00000000003c 0000000051d03c 0003f 00040 00042 00503 00000 03801 0018f 03 05 00 00 01 38 8f 01 3f 40 42 80 
    6 000000000048 0000000051d048 00040 00040 00042 00504 00000 00000 00100 04 05 00 00 00 00 00 01 40 40 42 80 
    7 000000000054 0000000051d054 0003f 00040 00041 00505 00100 07f01 00100 05 05 00 01 01 7f 00 01 3f 40 41 80 
    8 000000000060 0000000051d060 0003f 00040 00040 00505 00100 07f01 00100 05 05 00 01 01 7f 00 01 3f 40 40 80 
    9 00000000006c 0000000051d06c 0003f 00040 0003f 00505 00100 07f01 00100 05 05 00 01 01 7f 00 01 3f 40 3f 80 
   10 000000000078 0000000051d078 00041 00040 00041 00505 00300 08101 00100 05 05 00 03 01 81 00 01 41 40 41 80 
   11 000000000084 0000000051d084 00041 00040 00040 00505 00300 08101 00100 05 05 00 03 01 81 00 01 41 40 40 80 
   12 000000000090 0000000051d090 00041 00040 0003f 00505 00300 08101 00100 05 05 00 03 01 81 00 01 41 40 3f 80 
   13 00000000009c 0000000051d09c 00041 00040 0003e 00506 00300 0a700 00159 06 05 00 03 00 a7 59 01 41 40 3e 80 
   14 0000000000a8 0000000051d0a8 0003f 00040 0003e 00506 00200 05900 00159 06 05 00 02 00 59 59 01 3f 40 3e 80 
   15 0000000000b4 0000000051d0b4 00040 00040 0003e 00507 00200 00000 0017f 07 05 00 02 00 00 7f 01 40 40 3e 80 
   16 0000000000c0 0000000051d0c0 0003f 0003f 00042 00508 00000 03800 0018f 08 05 00 00 00 38 8f 01 3f 3f 42 80 
   17 0000000000cc 0000000051d0cc 00040 0003f 00042 00509 00000 00000 00181 09 05 00 00 00 00 81 01 40 3f 42 80 
   18 0000000000d8 0000000051d0d8 00041 0003f 00042 0050a 00000 0c800 0018f 0a 05 00 00 00 c8 8f 01 41 3f 42 80 
   19 0000000000e4 0000000051d0e4 00041 0003f 00041 0050b 00300 08100 00100 0b 05 00 03 00 81 00 01 41 3f 41 80 
   20 0000000000f0 0000000051d0f0 00041 0003f 00040 0050b 00300 08100 00100 0b 05 00 03 00 81 00 01 41 3f 40 80 
   21 0000000000fc 0000000051d0fc 00041 0003f 0003f 0050b 00300 08100 00100 0b 05 00 03 00 81 00 01 41 3f 3f 80 
   22 000000000108 0000000051d108 0003f 0003f 00041 0050b 00100 07f00 00100 0b 05 00 01 00 7f 00 01 3f 3f 41 80 
   23 000000000114 0000000051d114 0003f 0003f 00040 0050b 00100 07f00 00100 0b 05 00 01 00 7f 00 01 3f 3f 40 80 
   24 000000000120 0000000051d120 0003f 0003f 0003f 0050b 00100 07f00 00100 0b 05 00 01 00 7f 00 01 3f 3f 3f 80 
   25 00000000012c 0000000051d12c 00040 0003f 00041 0050c 00000 00001 001c0 0c 05 00 00 01 00 c0 01 40 3f 41 80 
   26 000000000138 0000000051d138 00040 0003f 00040 0050c 00000 00001 00100 0c 05 00 00 01 00 00 01 40 3f 40 80 
   27 000000000144 0000000051d144 00040 0003f 0003f 0050c 00000 00001 00140 0c 05 00 00 01 00 40 01 40 3f 3f 80 
   28 000000000150 0000000051d150 00040 0003f 0003e 0050b 00200 00000 0017f 0b 05 00 02 00 00 7f 01 40 3f 3e 80 
   29 00000000015c 0000000051d15c 00041 0003f 0003e 0050d 00300 0a700 00159 0d 05 00 03 00 a7 59 01 41 3f 3e 80 
   30 000000000168 0000000051d168 0003f 0003f 0003e 0050d 00200 05900 00159 0d 05 00 02 00 59 59 01 3f 3f 3e 80 
   31 000000000174 0000000051d174 00040 00040 0003d 00407 00000 00000 00181 07 04 00 00 00 00 81 01 40 40 3d 80 
   32 000000000180 0000000051d180 00041 00040 0003d 00406 00000 0a700 001a7 06 04 00 00 00 a7 a7 01 41 40 3d 80 
   33 00000000018c 0000000051d18c 00041 00040 0003c 0040e 00300 08101 00100 0e 04 00 03 01 81 00 01 41 40 3c 80 
   34 000000000198 0000000051d198 00041 00040 0003b 0040f 00300 08100 00100 0f 04 00 03 00 81 00 01 41 40 3b 80 
   35 0000000001a4 0000000051d1a4 00041 00040 0003a 00405 00300 08101 00100 05 04 00 03 01 81 00 01 41 40 3a 80 
   36 0000000001b0 0000000051d1b0 00041 00040 00039 00410 00300 08100 00100 10 04 00 03 00 81 00 01 41 40 39 80 
   37 0000000001bc 0000000051d1bc 00041 00040 00038 00411 00300 08101 00100 11 04 00 03 01 81 00 01 41 40 38 80 
   38 0000000001c8 0000000051d1c8 00041 00040 00037 00406 00300 0a700 00159 06 04 00 03 00 a7 59 01 41 40 37 80 
   39 0000000001d4 0000000051d1d4 0003f 00040 0003d 00406 00100 05900 001a7 06 04 00 01 00 59 a7 01 3f 40 3d 80 
   40 0000000001e0 0000000051d1e0 0003f 00040 0003c 00411 00100 07f01 00100 11 04 00 01 01 7f 00 01 3f 40 3c 80 
   41 0000000001ec 0000000051d1ec 0003f 00040 0003b 00410 00100 07f00 00100 10 04 00 01 00 7f 00 01 3f 40 3b 80 
   42 0000000001f8 0000000051d1f8 0003f 00040 0003a 00405 00100 07f01 00100 05 04 00 01 01 7f 00 01 3f 40 3a 80 
   43 000000000204 0000000051d204 0003f 00040 00039 0040f 00100 07f00 00100 0f 04 00 01 00 7f 00 01 3f 40 39 80 
   44 000000000210 0000000051d210 0003f 00040 00038 0040e 00100 07f01 00100 0e 04 00 01 01 7f 00 01 3f 40 38 80 
   45 00000000021c 0000000051d21c 0003f 00040 00037 00406 00200 05900 00159 06 04 00 02 00 59 59 01 3f 40 37 80 
   46 000000000228 0000000051d228 00040 00040 0003c 00400 00000 00000 001c0 00 04 00 00 00 00 c0 01 40 40 3c 80 
   47 000000000234 0000000051d234 00040 00040 0003b 00400 00000 00000 00100 00 04 00 00 00 00 00 01 40 40 3b 80 
   48 000000000240 0000000051d240 00040 00040 0003a 00400 00000 00000 00100 00 04 00 00 00 00 00 01 40 40 3a 80 
   49 00000000024c 0000000051d24c 00040 00040 00039 00400 00000 00000 00100 00 04 00 00 00 00 00 01 40 40 39 80 
   50 000000000258 0000000051d258 00040 00040 00038 00400 00000 00000 00140 00 04 00 00 00 00 40 01 40 40 38 80 
   51 000000000264 0000000051d264 00040 00040 00037 00407 00200 00000 0017f 07 04 00 02 00 00 7f 01 40 40 37 80 
   52 000000000270 0000000051d270 0003f 0003f 0003d 0040d 00100 05900 001a7 0d 04 00 01 00 59 a7 01 3f 3f 3d 80 
   53 00000000027c 0000000051d27c 00040 0003f 0003d 0040b 00000 00000 00181 0b 04 00 00 00 00 81 01 40 3f 3d 80 
   54 000000000288 0000000051d288 00041 0003f 0003d 0040d 00000 0a700 001a7 0d 04 00 00 00 a7 a7 01 41 3f 3d 80 
   55 000000000294 0000000051d294 00041 0003f 0003c 00412 00300 08100 00100 12 04 00 03 00 81 00 01 41 3f 3c 80 
   56 0000000002a0 0000000051d2a0 00041 0003f 0003b 00413 00300 08100 00100 13 04 00 03 00 81 00 01 41 3f 3b 80 
   57 0000000002ac 0000000051d2ac 00041 0003f 0003a 0040b 00300 08100 00100 0b 04 00 03 00 81 00 01 41 3f 3a 80 
   58 0000000002b8 0000000051d2b8 00041 0003f 00039 00414 00300 08100 00100 14 04 00 03 00 81 00 01 41 3f 39 80 
   59 0000000002c4 0000000051d2c4 00041 0003f 00038 0040b 00300 08100 00100 0b 04 00 03 00 81 00 01 41 3f 38 80 
   60 0000000002d0 0000000051d2d0 00041 0003f 00037 0040d 00300 0a700 00159 0d 04 00 03 00 a7 59 01 41 3f 37 80 
   61 0000000002dc 0000000051d2dc 0003f 0003f 0003c 00415 00100 07f00 00100 15 04 00 01 00 7f 00 01 3f 3f 3c 80 
   62 0000000002e8 0000000051d2e8 0003f 0003f 0003b 00414 00100 07f00 00100 14 04 00 01 00 7f 00 01 3f 3f 3b 80 
   63 0000000002f4 0000000051d2f4 0003f 0003f 0003a 0040b 00100 07f00 00100 0b 04 00 01 00 7f 00 01 3f 3f 3a 80 
   64 000000000300 0000000051d300 0003f 0003f 00039 00413 00100 07f00 00100 13 04 00 01 00 7f 00 01 3f 3f 39 80 
   65 00000000030c 0000000051d30c 0003f 0003f 00038 0040b 00100 07f00 00100 0b 04 00 01 00 7f 00 01 3f 3f 38 80 
   66 000000000318 0000000051d318 0003f 0003f 00037 0040d 00200 05900 00159 0d 04 00 02 00 59 59 01 3f 3f 37 80 
   67 000000000324 0000000051d324 00040 0003f 0003c 00416 00000 00001 001c0 16 04 00 00 01 00 c0 01 40 3f 3c 80 
   68 000000000330 0000000051d330 00040 0003f 0003b 00417 00000 00000 00100 17 04 00 00 00 00 00 01 40 3f 3b 80 
   69 00000000033c 0000000051d33c 00040 0003f 0003a 0040c 00000 00001 00100 0c 04 00 00 01 00 00 01 40 3f 3a 80 
   70 000000000348 0000000051d348 00040 0003f 00039 00417 00200 00000 00100 17 04 00 02 00 00 00 01 40 3f 39 80 
   71 000000000354 0000000051d354 00040 0003f 00038 00416 00200 00001 00140 16 04 00 02 01 00 40 01 40 3f 38 80 
   72 000000000360 0000000051d360 00040 0003f 00037 0040b 00200 00000 0017f 0b 04 00 02 00 00 7f 01 40 3f 37 80 
   73 00000000036c 0000000051d36c 00045 00040 0003e 00706 00300 0a700 00259 06 07 00 03 00 a7 59 02 45 40 3e 80 
   74 000000000378 0000000051d378 00043 00040 0003e 00706 00200 05900 00259 06 07 00 02 00 59 59 02 43 40 3e 80 
   75 000000000384 0000000051d384 00044 00040 0003e 00707 00200 00000 0027f 07 07 00 02 00 00 7f 02 44 40 3e 80 
   76 000000000390 0000000051d390 00044 0003f 0003e 0070b 00200 00000 0027f 0b 07 00 02 00 00 7f 02 44 3f 3e 80 
   77 00000000039c 0000000051d39c 00045 0003f 0003e 0070d 00300 0a700 00259 0d 07 00 03 00 a7 59 02 45 3f 3e 80 
   78 0000000003a8 0000000051d3a8 00043 0003f 0003e 0070d 00200 05900 00259 0d 07 00 02 00 59 59 02 43 3f 3e 80 
   79 0000000003b4 0000000051d3b4 00044 00040 0003d 00607 00000 00000 00281 07 06 00 00 00 00 81 02 44 40 3d 80 
   80 0000000003c0 0000000051d3c0 00045 00040 0003d 00606 00000 0a700 002a7 06 06 00 00 00 a7 a7 02 45 40 3d 80 
   81 0000000003cc 0000000051d3cc 00045 00040 0003c 0060e 00300 08101 00200 0e 06 00 03 01 81 00 02 45 40 3c 80 
   82 0000000003d8 0000000051d3d8 00045 00040 0003b 0060f 00300 08100 00200 0f 06 00 03 00 81 00 02 45 40 3b 80 
   83 0000000003e4 0000000051d3e4 00045 00040 0003a 00605 00300 08101 00200 05 06 00 03 01 81 00 02 45 40 3a 80 
   84 0000000003f0 0000000051d3f0 00045 00040 00039 00610 00300 08100 00200 10 06 00 03 00 81 00 02 45 40 39 80 
   85 0000000003fc 0000000051d3fc 00045 00040 00038 00611 00300 08101 00200 11 06 00 03 01 81 00 02 45 40 38 80 
   86 000000000408 0000000051d408 00045 00040 00037 00606 00300 0a700 00259 06 06 00 03 00 a7 59 02 45 40 37 80 
   87 000000000414 0000000051d414 00043 00040 0003d 00606 00100 05900 002a7 06 06 00 01 00 59 a7 02 43 40 3d 80 
   88 000000000420 0000000051d420 00043 00040 0003c 00611 00100 07f01 00200 11 06 00 01 01 7f 00 02 43 40 3c 80 
   89 00000000042c 0000000051d42c 00043 00040 0003b 00610 00100 07f00 00200 10 06 00 01 00 7f 00 02 43 40 3b 80 
   90 000000000438 0000000051d438 00043 00040 0003a 00605 00100 07f01 00200 05 06 00 01 01 7f 00 02 43 40 3a 80 
   91 000000000444 0000000051d444 00043 00040 00039 0060f 00100 07f00 00200 0f 06 00 01 00 7f 00 02 43 40 39 80 
   92 000000000450 0000000051d450 00043 00040 00038 0060e 00100 07f01 00200 0e 06 00 01 01 7f 00 02 43 40 38 80 
   93 00000000045c 0000000051d45c 00043 00040 00037 00606 00200 05900 00259 06 06 00 02 00 59 59 02 43 40 37 80 
   94 000000000468 0000000051d468 00044 00040 0003c 00600 00000 00000 002c0 00 06 00 00 00 00 c0 02 44 40 3c 80 
   95 000000000474 0000000051d474 00044 00040 0003b 00600 00000 00000 00200 00 06 00 00 00 00 00 02 44 40 3b 80 
   96 000000000480 0000000051d480 00044 00040 0003a 00600 00000 00000 00200 00 06 00 00 00 00 00 02 44 40 3a 80 
   97 00000000048c 0000000051d48c 00044 00040 00039 00600 00000 00000 00200 00 06 00 00 00 00 00 02 44 40 39 80 
   98 000000000498 0000000051d498 00044 00040 00038 00600 00000 00000 00240 00 06 00 00 00 00 40 02 44 40 38 80 
   99 0000000004a4 0000000051d4a4 00044 00040 00037 00607 00200 00000 0027f 07 06 00 02 00 00 7f 02 44 40 37 80 
  100 0000000004b0 0000000051d4b0 00043 0003f 0003d 0060d 00100 05900 002a7 0d 06 00 01 00 59 a7 02 43 3f 3d 80 
  101 0000000004bc 0000000051d4bc 00044 0003f 0003d 0060b 00000 00000 00281 0b 06 00 00 00 00 81 02 44 3f 3d 80 
  102 0000000004c8 0000000051d4c8 00045 0003f 0003d 0060d 00000 0a700 002a7 0d 06 00 00 00 a7 a7 02 45 3f 3d 80 
  103 0000000004d4 0000000051d4d4 00045 0003f 0003c 00612 00300 08100 00200 12 06 00 03 00 81 00 02 45 3f 3c 80 
  104 0000000004e0 0000000051d4e0 00045 0003f 0003b 00613 00300 08100 00200 13 06 00 03 00 81 00 02 45 3f 3b 80 
  105 0000000004ec 0000000051d4ec 00045 0003f 0003a 0060b 00300 08100 00200 0b 06 00 03 00 81 00 02 45 3f 3a 80 
  106 0000000004f8 0000000051d4f8 00045 0003f 00039 00614 00300 08100 00200 14 06 00 03 00 81 00 02 45 3f 39 80 
  107 000000000504 0000000051d504 00045 0003f 00038 0060b 00300 08100 00200 0b 06 00 03 00 81 00 02 45 3f 38 80 
  108 000000000510 0000000051d510 00045 0003f 00037 0060d 00300 0a700 00259 0d 06 00 03 00 a7 59 02 45 3f 37 80 
  109 00000000051c 0000000051d51c 00043 0003f 0003c 00615 00100 07f00 00200 15 06 00 01 00 7f 00 02 43 3f 3c 80 
  110 000000000528 0000000051d528 00043 0003f 0003b 00614 00100 07f00 00200 14 06 00 01 00 7f 00 02 43 3f 3b 80 
  111 000000000534 0000000051d534 00043 0003f 0003a 0060b 00100 07f00 00200 0b 06 00 01 00 7f 00 02 43 3f 3a 80 
  112 000000000540 0000000051d540 00043 0003f 00039 00613 00100 07f00 00200 13 06 00 01 00 7f 00 02 43 3f 39 80 
  113 00000000054c 0000000051d54c 00043 0003f 00038 0060b 00100 07f00 00200 0b 06 00 01 00 7f 00 02 43 3f 38 80 
  114 000000000558 0000000051d558 00043 0003f 00037 0060d 00200 05900 00259 0d 06 00 02 00 59 59 02 43 3f 37 80 
  115 000000000564 0000000051d564 00044 0003f 0003c 00616 00000 00001 002c0 16 06 00 00 01 00 c0 02 44 3f 3c 80 
  116 000000000570 0000000051d570 00044 0003f 0003b 00617 00000 00000 00200 17 06 00 00 00 00 00 02 44 3f 3b 80 
  117 00000000057c 0000000051d57c 00044 0003f 0003a 0060c 00000 00001 00200 0c 06 00 00 01 00 00 02 44 3f 3a 80 
  118 000000000588 0000000051d588 00044 0003f 00039 00617 00200 00000 00200 17 06 00 02 00 00 00 02 44 3f 39 80 
  119 000000000594 0000000051d594 00044 0003f 00038 00616 00200 00001 00240 16 06 00 02 01 00 40 02 44 3f 38 80 
  120 0000000005a0 0000000051d5a0 00044 0003f 00037 0060b 00200 00000 0027f 0b 06 00 02 00 00 7f 02 44 3f 37 80 
  121 0000000005ac 0000000051d5ac 0003d 00040 0003e 00106 00300 0a700 00059 06 01 00 03 00 a7 59 00 3d 40 3e 80 
  122 0000000005b8 0000000051d5b8 0003b 00040 0003e 00106 00200 05900 00059 06 01 00 02 00 59 59 00 3b 40 3e 80 
  123 0000000005c4 0000000051d5c4 0003c 00040 0003e 00107 00200 00000 0007f 07 01 00 02 00 00 7f 00 3c 40 3e 80 
  124 0000000005d0 0000000051d5d0 0003c 0003f 0003e 0010b 00200 00000 0007f 0b 01 00 02 00 00 7f 00 3c 3f 3e 80 
  125 0000000005dc 0000000051d5dc 0003d 0003f 0003e 0010d 00300 0a700 00059 0d 01 00 03 00 a7 59 00 3d 3f 3e 80 
  126 0000000005e8 0000000051d5e8 0003b 0003f 0003e 0010d 00200 05900 00059 0d 01 00 02 00 59 59 00 3b 3f 3e 80 
  127 0000000005f4 0000000051d5f4 0003c 00040 0003d 00007 00000 00000 00081 07 00 00 00 00 00 81 00 3c 40 3d 80 
  128 000000000600 0000000051d600 0003d 00040 0003d 00006 00000 0a700 000a7 06 00 00 00 00 a7 a7 00 3d 40 3d 80 
  129 00000000060c 0000000051d60c 0003d 00040 0003c 0000e 00300 08101 00000 0e 00 00 03 01 81 00 00 3d 40 3c 80 
  130 000000000618 0000000051d618 0003d 00040 0003b 0000f 00300 08100 00000 0f 00 00 03 00 81 00 00 3d 40 3b 80 
  131 000000000624 0000000051d624 0003d 00040 0003a 00005 00300 08101 00000 05 00 00 03 01 81 00 00 3d 40 3a 80 
  132 000000000630 0000000051d630 0003d 00040 00039 00010 00300 08100 00000 10 00 00 03 00 81 00 00 3d 40 39 80 
  133 00000000063c 0000000051d63c 0003d 00040 00038 00011 00300 08101 00000 11 00 00 03 01 81 00 00 3d 40 38 80 
  134 000000000648 0000000051d648 0003d 00040 00037 00006 00300 0a700 00059 06 00 00 03 00 a7 59 00 3d 40 37 80 
  135 000000000654 0000000051d654 0003b 00040 0003d 00006 00100 05900 000a7 06 00 00 01 00 59 a7 00 3b 40 3d 80 
  136 000000000660 0000000051d660 0003b 00040 0003c 00011 00100 07f01 00000 11 00 00 01 01 7f 00 00 3b 40 3c 80 
  137 00000000066c 0000000051d66c 0003b 00040 0003b 00010 00100 07f00 00000 10 00 00 01 00 7f 00 00 3b 40 3b 80 
  138 000000000678 0000000051d678 0003b 00040 0003a 00005 00100 07f01 00000 05 00 00 01 01 7f 00 00 3b 40 3a 80 
  139 000000000684 0000000051d684 0003b 00040 00039 0000f 00100 07f00 00000 0f 00 00 01 00 7f 00 00 3b 40 39 80 
  140 000000000690 0000000051d690 0003b 00040 00038 0000e 00100 07f01 00000 0e 00 00 01 01 7f 00 00 3b 40 38 80 
  141 00000000069c 0000000051d69c 0003b 00040 00037 00006 00200 05900 00059 06 00 00 02 00 59 59 00 3b 40 37 80 
  142 0000000006a8 0000000051d6a8 0003c 00040 0003c 00000 00000 00000 000c0 00 00 00 00 00 00 c0 00 3c 40 3c 80 
  143 0000000006b4 0000000051d6b4 0003c 00040 0003b 00000 00000 00000 00000 00 00 00 00 00 00 00 00 3c 40 3b 80 
  144 0000000006c0 0000000051d6c0 0003c 00040 0003a 00000 00000 00000 00000 00 00 00 00 00 00 00 00 3c 40 3a 80 
  145 0000000006cc 0000000051d6cc 0003c 00040 00039 00000 00000 00000 00000 00 00 00 00 00 00 00 00 3c 40 39 80 
  146 0000000006d8 0000000051d6d8 0003c 00040 00038 00000 00000 00000 00040 00 00 00 00 00 00 40 00 3c 40 38 80 
  147 0000000006e4 0000000051d6e4 0003c 00040 00037 00007 00200 00000 0007f 07 00 00 02 00 00 7f 00 3c 40 37 80 
  148 0000000006f0 0000000051d6f0 0003b 0003f 0003d 0000d 00100 05900 000a7 0d 00 00 01 00 59 a7 00 3b 3f 3d 80 
  149 0000000006fc 0000000051d6fc 0003c 0003f 0003d 0000b 00000 00000 00081 0b 00 00 00 00 00 81 00 3c 3f 3d 80 
  150 000000000708 0000000051d708 0003d 0003f 0003d 0000d 00000 0a700 000a7 0d 00 00 00 00 a7 a7 00 3d 3f 3d 80 
  151 000000000714 0000000051d714 0003d 0003f 0003c 00012 00300 08100 00000 12 00 00 03 00 81 00 00 3d 3f 3c 80 
  152 000000000720 0000000051d720 0003d 0003f 0003b 00013 00300 08100 00000 13 00 00 03 00 81 00 00 3d 3f 3b 80 
  153 00000000072c 0000000051d72c 0003d 0003f 0003a 0000b 00300 08100 00000 0b 00 00 03 00 81 00 00 3d 3f 3a 80 
  154 000000000738 0000000051d738 0003d 0003f 00039 00014 00300 08100 00000 14 00 00 03 00 81 00 00 3d 3f 39 80 
  155 000000000744 0000000051d744 0003d 0003f 00038 0000b 00300 08100 00000 0b 00 00 03 00 81 00 00 3d 3f 38 80 
  156 000000000750 0000000051d750 0003d 0003f 00037 0000d 00300 0a700 00059 0d 00 00 03 00 a7 59 00 3d 3f 37 80 
  157 00000000075c 0000000051d75c 0003b 0003f 0003c 00015 00100 07f00 00000 15 00 00 01 00 7f 00 00 3b 3f 3c 80 
  158 000000000768 0000000051d768 0003b 0003f 0003b 00014 00100 07f00 00000 14 00 00 01 00 7f 00 00 3b 3f 3b 80 
  159 000000000774 0000000051d774 0003b 0003f 0003a 0000b 00100 07f00 00000 0b 00 00 01 00 7f 00 00 3b 3f 3a 80 
  160 000000000780 0000000051d780 0003b 0003f 00039 00013 00100 07f00 00000 13 00 00 01 00 7f 00 00 3b 3f 39 80 
  161 00000000078c 0000000051d78c 0003b 0003f 00038 0000b 00100 07f00 00000 0b 00 00 01 00 7f 00 00 3b 3f 38 80 
  162 000000000798 0000000051d798 0003b 0003f 00037 0000d 00200 05900 00059 0d 00 00 02 00 59 59 00 3b 3f 37 80 
  163 0000000007a4 0000000051d7a4 0003c 0003f 0003c 00016 00000 00001 000c0 16 00 00 00 01 00 c0 00 3c 3f 3c 80 
  164 0000000007b0 0000000051d7b0 0003c 0003f 0003b 00017 00000 00000 00000 17 00 00 00 00 00 00 00 3c 3f 3b 80 
  165 0000000007bc 0000000051d7bc 0003c 0003f 0003a 0000c 00000 00001 00000 0c 00 00 00 01 00 00 00 3c 3f 3a 80 
  166 0000000007c8 0000000051d7c8 0003c 0003f 00039 00017 00200 00000 00000 17 00 00 02 00 00 00 00 3c 3f 39 80 
  167 0000000007d4 0000000051d7d4 0003c 0003f 00038 00016 00200 00001 00040 16 00 00 02 01 00 40 00 3c 3f 38 80 
  168 0000000007e0 0000000051d7e0 0003c 0003f 00037 0000b 00200 00000 0007f 0b 00 00 02 00 00 7f 00 3c 3f 37 80 
  169 0000000007ec 0000000051d7ec 00040 00040 00036 0ff07 00000 00000 00100 07 ff 00 00 00 00 00 01 40 40 36 80 
  170 0000000007f8 0000000051d7f8 0003f 00040 00036 0ff06 00100 00000 00100 06 ff 00 01 00 00 00 01 3f 40 36 80 
  171 000000000804 0000000051d804 00041 00040 00036 0ff06 00000 00000 00100 06 ff 00 00 00 00 00 01 41 40 36 80 
  172 000000000810 0000000051d810 00041 00040 00035 0ff07 00300 00000 00100 07 ff 00 03 00 00 00 01 41 40 35 80 
  173 00000000081c 0000000051d81c 00041 00040 00034 0ff06 00300 00000 00100 06 ff 00 03 00 00 00 01 41 40 34 80 
  174 000000000828 0000000051d828 00040 00040 00034 0ff05 00200 00001 00100 05 ff 00 02 01 00 00 01 40 40 34 80 
  175 000000000834 0000000051d834 0003f 00040 00034 0ff06 00200 00000 00100 06 ff 00 02 00 00 00 01 3f 40 34 80 
  176 000000000840 0000000051d840 0003f 00040 00035 0ff07 00100 00000 00100 07 ff 00 01 00 00 00 01 3f 40 35 80 
  177 00000000084c 0000000051d84c 00040 00040 00035 0ff00 00000 00000 00100 00 ff 00 00 00 00 00 01 40 40 35 80 
  178 000000000858 0000000051d858 0003f 0003f 00036 0ff0d 00100 00000 00100 0d ff 00 01 00 00 00 01 3f 3f 36 80 
  179 000000000864 0000000051d864 00040 0003f 00036 0ff0b 00000 00000 00100 0b ff 00 00 00 00 00 01 40 3f 36 80 
  180 000000000870 0000000051d870 00041 0003f 00036 0ff0d 00000 00000 00100 0d ff 00 00 00 00 00 01 41 3f 36 80 
  181 00000000087c 0000000051d87c 00041 0003f 00035 0ff0b 00300 00000 00100 0b ff 00 03 00 00 00 01 41 3f 35 80 
  182 000000000888 0000000051d888 0003f 0003f 00035 0ff0b 00100 00000 00100 0b ff 00 01 00 00 00 01 3f 3f 35 80 
  183 000000000894 0000000051d894 0003f 0003f 00034 0ff0d 00200 00000 00100 0d ff 00 02 00 00 00 01 3f 3f 34 80 
  184 0000000008a0 0000000051d8a0 00040 0003f 00034 0ff0b 00200 00000 00100 0b ff 00 02 00 00 00 01 40 3f 34 80 
  185 0000000008ac 0000000051d8ac 00041 0003f 00034 0ff0d 00300 00000 00100 0d ff 00 03 00 00 00 01 41 3f 34 80 
  186 0000000008b8 0000000051d8b8 00040 0003f 00035 0ff0c 00000 00001 00100 0c ff 00 00 01 00 00 01 40 3f 35 80 
  187 0000000008c4 0000000051d8c4 00042 00040 00035 0ff18 00100 00000 0ff00 18 ff 00 01 00 00 00 ff 42 40 35 80 
  188 0000000008d0 0000000051d8d0 00043 00040 00035 0ff18 00300 00000 0ff00 18 ff 00 03 00 00 00 ff 43 40 35 80 
  189 0000000008dc 0000000051d8dc 00044 00040 00035 0ff19 00300 00000 0ff00 19 ff 00 03 00 00 00 ff 44 40 35 80 
  190 0000000008e8 0000000051d8e8 00044 00040 00036 0ff18 00000 00000 0ff00 18 ff 00 00 00 00 00 ff 44 40 36 80 
  191 0000000008f4 0000000051d8f4 0003e 00040 00035 0ff18 00100 00000 0ff00 18 ff 00 01 00 00 00 ff 3e 40 35 80 
  192 000000000900 0000000051d900 0003d 00040 00035 0ff18 00300 00000 0ff00 18 ff 00 03 00 00 00 ff 3d 40 35 80 
  193 00000000090c 0000000051d90c 0003c 00040 00035 0ff1a 00100 00000 0ff00 1a ff 00 01 00 00 00 ff 3c 40 35 80 
  194 000000000918 0000000051d918 0003c 00040 00036 0ff18 00000 00000 0ff00 18 ff 00 00 00 00 00 ff 3c 40 36 80 
  195 000000000924 0000000051d924 00044 00040 00034 0ff18 00000 00000 0ff00 18 ff 00 00 00 00 00 ff 44 40 34 80 
  196 000000000930 0000000051d930 00044 00040 00033 0ff1b 00000 00000 0ff00 1b ff 00 00 00 00 00 ff 44 40 33 80 
  197 00000000093c 0000000051d93c 00048 00043 00039 0ff1c 00000 00000 0ff00 1c ff 00 00 00 00 00 ff 48 43 39 80 
  198 000000000948 0000000051d948 00048 00043 00038 0ff1d 00000 00000 0ff00 1d ff 00 00 00 00 00 ff 48 43 38 80 
  199 000000000954 0000000051d954 0003b 00040 0003f 0011e 00100 07f01 00000 1e 01 00 01 01 7f 00 00 3b 40 3f 80 
  200 000000000960 0000000051d960 0003c 00040 0003f 0011f 00000 00000 00040 1f 01 00 00 00 00 40 00 3c 40 3f 80 
  201 00000000096c 0000000051d96c 0003d 00040 0003f 00120 00300 08101 00000 20 01 00 03 01 81 00 00 3d 40 3f 80 
  202 000000000978 0000000051d978 0003d 00040 00040 00121 00300 08101 00000 21 01 00 03 01 81 00 00 3d 40 40 80 
  203 000000000984 0000000051d984 0003c 00040 00040 00122 00000 00000 00000 22 01 00 00 00 00 00 00 3c 40 40 80 
  204 000000000990 0000000051d990 0003b 00040 00040 00121 00100 07f01 00000 21 01 00 01 01 7f 00 00 3b 40 40 80 
  205 00000000099c 0000000051d99c 0003b 00040 00041 00120 00100 07f01 00000 20 01 00 01 01 7f 00 00 3b 40 41 80 
  206 0000000009a8 0000000051d9a8 0003d 00040 00041 0011e 00300 08101 00000 1e 01 00 03 01 81 00 00 3d 40 41 80 
  207 0000000009b4 0000000051d9b4 0003c 00040 00041 0011f 00200 00000 000c0 1f 01 00 02 00 00 c0 00 3c 40 41 80 
  208 0000000009c0 0000000051d9c0 0003b 00040 00042 00106 00100 05900 000a7 06 01 00 01 00 59 a7 00 3b 40 42 80 
  209 0000000009cc 0000000051d9cc 0003c 00040 00042 00107 00000 00000 00081 07 01 00 00 00 00 81 00 3c 40 42 80 
  210 0000000009d8 0000000051d9d8 0003d 00040 00042 00106 00000 0a700 000a7 06 01 00 00 00 a7 a7 00 3d 40 42 80 
  211 0000000009e4 0000000051d9e4 0003b 0003f 0003f 0010b 00100 07f00 00000 0b 01 00 01 00 7f 00 00 3b 3f 3f 80 
  212 0000000009f0 0000000051d9f0 0003b 0003f 00040 0010b 00100 07f00 00000 0b 01 00 01 00 7f 00 00 3b 3f 40 80 
  213 0000000009fc 0000000051d9fc 0003b 0003f 00041 0010b 00100 07f00 00000 0b 01 00 01 00 7f 00 00 3b 3f 41 80 
  214 000000000a08 0000000051da08 0003d 0003f 0003f 0010b 00300 08100 00000 0b 01 00 03 00 81 00 00 3d 3f 3f 80 
  215 000000000a14 0000000051da14 0003d 0003f 00040 0010b 00300 08100 00000 0b 01 00 03 00 81 00 00 3d 3f 40 80 
  216 000000000a20 0000000051da20 0003d 0003f 00041 0010b 00300 08100 00000 0b 01 00 03 00 81 00 00 3d 3f 41 80 
  217 000000000a2c 0000000051da2c 0003b 0003f 00042 0010d 00100 05900 000a7 0d 01 00 01 00 59 a7 00 3b 3f 42 80 
  218 000000000a38 0000000051da38 0003c 0003f 00042 0010b 00000 00000 00081 0b 01 00 00 00 00 81 00 3c 3f 42 80 
  219 000000000a44 0000000051da44 0003d 0003f 00042 0010d 00000 0a700 000a7 0d 01 00 00 00 a7 a7 00 3d 3f 42 80 
  220 000000000a50 0000000051da50 0003c 0003f 00041 0010c 00000 00001 000c0 0c 01 00 00 01 00 c0 00 3c 3f 41 80 
  221 000000000a5c 0000000051da5c 0003c 0003f 00040 0010c 00000 00001 00000 0c 01 00 00 01 00 00 00 3c 3f 40 80 
  222 000000000a68 0000000051da68 0003c 0003f 0003f 0010c 00000 00001 00040 0c 01 00 00 01 00 40 00 3c 3f 3f 80 
  223 000000000a74 0000000051da74 00043 00040 0003f 0071e 00100 07f01 00200 1e 07 00 01 01 7f 00 02 43 40 3f 80 
  224 000000000a80 0000000051da80 00044 00040 0003f 0071f 00000 00000 00240 1f 07 00 00 00 00 40 02 44 40 3f 80 
  225 000000000a8c 0000000051da8c 00045 00040 0003f 00720 00300 08101 00200 20 07 00 03 01 81 00 02 45 40 3f 80 
  226 000000000a98 0000000051da98 00045 00040 00040 00723 00300 08100 00200 23 07 00 03 00 81 00 02 45 40 40 80 
  227 000000000aa4 0000000051daa4 00044 00040 00040 00722 00000 00000 00200 22 07 00 00 00 00 00 02 44 40 40 80 
  228 000000000ab0 0000000051dab0 00043 00040 00040 00721 00100 07f01 00200 21 07 00 01 01 7f 00 02 43 40 40 80 
  229 000000000abc 0000000051dabc 00043 00040 00041 00720 00100 07f01 00200 20 07 00 01 01 7f 00 02 43 40 41 80 
  230 000000000ac8 0000000051dac8 00045 00040 00041 0071e 00300 08101 00200 1e 07 00 03 01 81 00 02 45 40 41 80 
  231 000000000ad4 0000000051dad4 00044 00040 00041 0071f 00200 00000 002c0 1f 07 00 02 00 00 c0 02 44 40 41 80 
  232 000000000ae0 0000000051dae0 00043 00040 00042 00706 00100 05900 002a7 06 07 00 01 00 59 a7 02 43 40 42 80 
  233 000000000aec 0000000051daec 00044 00040 00042 00705 00000 00001 00281 05 07 00 00 01 00 81 02 44 40 42 80 
  234 000000000af8 0000000051daf8 00045 00040 00042 00706 00000 0a700 002a7 06 07 00 00 00 a7 a7 02 45 40 42 80 
  235 000000000b04 0000000051db04 00043 0003f 0003f 0070b 00100 07f00 00200 0b 07 00 01 00 7f 00 02 43 3f 3f 80 
  236 000000000b10 0000000051db10 00043 0003f 00040 0070b 00100 07f00 00200 0b 07 00 01 00 7f 00 02 43 3f 40 80 
  237 000000000b1c 0000000051db1c 00043 0003f 00041 0070b 00100 07f00 00200 0b 07 00 01 00 7f 00 02 43 3f 41 80 
  238 000000000b28 0000000051db28 00045 0003f 0003f 0070b 00300 08100 00200 0b 07 00 03 00 81 00 02 45 3f 3f 80 
  239 000000000b34 0000000051db34 00045 0003f 00040 0070b 00300 08100 00200 0b 07 00 03 00 81 00 02 45 3f 40 80 
  240 000000000b40 0000000051db40 00045 0003f 00041 0070b 00300 08100 00200 0b 07 00 03 00 81 00 02 45 3f 41 80 
  241 000000000b4c 0000000051db4c 00043 0003f 00042 0070d 00100 05900 002a7 0d 07 00 01 00 59 a7 02 43 3f 42 80 
  242 000000000b58 0000000051db58 00044 0003f 00042 0070b 00000 00000 00281 0b 07 00 00 00 00 81 02 44 3f 42 80 
  243 000000000b64 0000000051db64 00045 0003f 00042 0070d 00000 0a700 002a7 0d 07 00 00 00 a7 a7 02 45 3f 42 80 
  244 000000000b70 0000000051db70 00044 0003f 00041 0070c 00000 00001 002c0 0c 07 00 00 01 00 c0 02 44 3f 41 80 
  245 000000000b7c 0000000051db7c 00044 0003f 00040 0070c 00000 00001 00200 0c 07 00 00 01 00 00 02 44 3f 40 80 
  246 000000000b88 0000000051db88 00044 0003f 0003f 0070c 00000 00001 00240 0c 07 00 00 01 00 40 02 44 3f 3f 80 
  247 000000000b94 0000000051db94 0003c 00040 00043 0ff18 00000 00000 00000 18 ff 00 00 00 00 00 00 3c 40 43 80 
  248 000000000ba0 0000000051dba0 0003c 00040 00044 0ff18 00000 00000 00000 18 ff 00 00 00 00 00 00 3c 40 44 80 
  249 000000000bac 0000000051dbac 0003c 00040 00045 0ff1a 00000 00000 00000 1a ff 00 00 00 00 00 00 3c 40 45 80 
  250 000000000bb8 0000000051dbb8 0003d 00040 00045 0ff18 00100 00000 00000 18 ff 00 01 00 00 00 00 3d 40 45 80 
  251 000000000bc4 0000000051dbc4 0003f 00040 00045 00207 00100 07f00 00000 07 02 00 01 00 7f 00 00 3f 40 45 80 
  252 000000000bd0 0000000051dbd0 0003f 00040 00044 00206 00200 05900 00059 06 02 00 02 00 59 59 00 3f 40 44 80 
  253 000000000bdc 0000000051dbdc 0003f 00040 00046 00207 00100 07f00 00000 07 02 00 01 00 7f 00 00 3f 40 46 80 
  254 000000000be8 0000000051dbe8 0003f 00040 00047 00206 00100 05900 000a7 06 02 00 01 00 59 a7 00 3f 40 47 80 
  255 000000000bf4 0000000051dbf4 00040 00040 00047 0021e 00000 00001 00081 1e 02 00 00 01 00 81 00 40 40 47 80 
  256 000000000c00 0000000051dc00 00040 00040 00046 0021f 00300 02d00 000d3 1f 02 00 03 00 2d d3 00 40 40 46 80 
  257 000000000c0c 0000000051dc0c 00040 00040 00045 0021f 00300 02d00 0002d 1f 02 00 03 00 2d 2d 00 40 40 45 80 
  258 000000000c18 0000000051dc18 00040 00040 00044 00220 00200 00001 0007f 20 02 00 02 01 00 7f 00 40 40 44 80 
  259 000000000c24 0000000051dc24 00041 00040 00047 00221 00000 00001 00081 21 02 00 00 01 00 81 00 41 40 47 80 
  260 000000000c30 0000000051dc30 0003e 00040 00045 0ff18 00100 00000 00000 18 ff 00 01 00 00 00 00 3e 40 45 80 
  261 000000000c3c 0000000051dc3c 00042 00040 00047 00221 00000 00001 00081 21 02 00 00 01 00 81 00 42 40 47 80 
  262 000000000c48 0000000051dc48 00041 00040 00044 00221 00200 00001 0007f 21 02 00 02 01 00 7f 00 41 40 44 80 
  263 000000000c54 0000000051dc54 0003e 00040 00046 0ff18 00100 00000 00000 18 ff 00 01 00 00 00 00 3e 40 46 80 
  264 000000000c60 0000000051dc60 00042 00040 00044 00221 00200 00001 0007f 21 02 00 02 01 00 7f 00 42 40 44 80 
  265 000000000c6c 0000000051dc6c 00041 00040 00046 00222 00000 00000 000c0 22 02 00 00 00 00 c0 00 41 40 46 80 
  266 000000000c78 0000000051dc78 00041 00040 00045 00222 00000 00000 00040 22 02 00 00 00 00 40 00 41 40 45 80 
  267 000000000c84 0000000051dc84 00040 00040 00042 0ff24 00000 00001 0ff00 24 ff 00 00 01 00 00 ff 40 40 42 80 
  268 000000000c90 0000000051dc90 00040 00040 00042 0ff25 00000 00000 0ff00 25 ff 00 00 00 00 00 ff 40 40 42 80 
  269 000000000c9c 0000000051dc9c 00042 00040 00046 00222 00000 00000 000c0 22 02 00 00 00 00 c0 00 42 40 46 80 
  270 000000000ca8 0000000051dca8 00042 00040 00045 00222 00000 00000 00040 22 02 00 00 00 00 40 00 42 40 45 80 
  271 000000000cb4 0000000051dcb4 00043 00040 00044 00226 00200 00001 0007f 26 02 00 02 01 00 7f 00 43 40 44 80 
  272 000000000cc0 0000000051dcc0 00043 00040 00047 00220 00000 00001 00081 20 02 00 00 01 00 81 00 43 40 47 80 
  273 000000000ccc 0000000051dccc 00043 00040 00046 0021f 00100 0d300 000d3 1f 02 00 01 00 d3 d3 00 43 40 46 80 
  274 000000000cd8 0000000051dcd8 00043 00040 00045 0021f 00100 0d300 0002d 1f 02 00 01 00 d3 2d 00 43 40 45 80 
  275 000000000ce4 0000000051dce4 00044 00040 00047 00206 00000 0a700 000a7 06 02 00 00 00 a7 a7 00 44 40 47 80 
  276 000000000cf0 0000000051dcf0 00044 00040 00046 00227 00300 08100 00000 27 02 00 03 00 81 00 00 44 40 46 80 
  277 000000000cfc 0000000051dcfc 00044 00040 00045 00205 00300 08101 00000 05 02 00 03 01 81 00 00 44 40 45 80 
  278 000000000d08 0000000051dd08 00044 00040 00044 00228 00300 0a700 00059 28 02 00 03 00 a7 59 00 44 40 44 80 
  279 000000000d14 0000000051dd14 0003f 0003f 00047 0020d 00100 05900 000a7 0d 02 00 01 00 59 a7 00 3f 3f 47 80 
  280 000000000d20 0000000051dd20 00040 0003f 00047 0020b 00000 00000 00081 0b 02 00 00 00 00 81 00 40 3f 47 80 
  281 000000000d2c 0000000051dd2c 00041 0003f 00047 0020b 00000 00000 00081 0b 02 00 00 00 00 81 00 41 3f 47 80 
  282 000000000d38 0000000051dd38 00047 00041 00040 0ff29 00000 00000 0ff00 29 ff 00 00 00 00 00 ff 47 41 40 80 
  283 000000000d44 0000000051dd44 00042 0003f 00047 0020b 00000 00000 00081 0b 02 00 00 00 00 81 00 42 3f 47 80 
  284 000000000d50 0000000051dd50 00043 0003f 00047 0020b 00000 00000 00081 0b 02 00 00 00 00 81 00 43 3f 47 80 
  285 000000000d5c 0000000051dd5c 00044 0003f 00047 0020d 00000 0a700 000a7 0d 02 00 00 00 a7 a7 00 44 3f 47 80 
  286 000000000d68 0000000051dd68 0003f 0003f 00044 0020d 00200 05900 00059 0d 02 00 02 00 59 59 00 3f 3f 44 80 
  287 000000000d74 0000000051dd74 00040 0003f 00044 0020b 00200 00000 0007f 0b 02 00 02 00 00 7f 00 40 3f 44 80 
  288 000000000d80 0000000051dd80 00041 0003f 00044 0020b 00200 00000 0007f 0b 02 00 02 00 00 7f 00 41 3f 44 80 
  289 000000000d8c 0000000051dd8c 00047 00042 00040 0ff2a 00000 00000 0ff00 2a ff 00 00 00 00 00 ff 47 42 40 80 
  290 000000000d98 0000000051dd98 00042 0003f 00044 0020b 00200 00000 0007f 0b 02 00 02 00 00 7f 00 42 3f 44 80 
  291 000000000da4 0000000051dda4 00043 0003f 00044 0020b 00200 00000 0007f 0b 02 00 02 00 00 7f 00 43 3f 44 80 
  292 000000000db0 0000000051ddb0 00044 0003f 00044 0020d 00300 0a700 00059 0d 02 00 03 00 a7 59 00 44 3f 44 80 
  293 000000000dbc 0000000051ddbc 0003f 0003f 00046 0020b 00100 07f00 00000 0b 02 00 01 00 7f 00 00 3f 3f 46 80 
  294 000000000dc8 0000000051ddc8 0003f 0003f 00045 0020b 00100 07f00 00000 0b 02 00 01 00 7f 00 00 3f 3f 45 80 
  295 000000000dd4 0000000051ddd4 00044 0003f 00046 0020b 00300 08100 00000 0b 02 00 03 00 81 00 00 44 3f 46 80 
  296 000000000de0 0000000051dde0 00044 0003f 00045 0020b 00300 08100 00000 0b 02 00 03 00 81 00 00 44 3f 45 80 
  297 000000000dec 0000000051ddec 00040 0003f 00046 0020c 00000 02d01 000d3 0c 02 00 00 01 2d d3 00 40 3f 46 80 
  298 000000000df8 0000000051ddf8 00040 0003f 00045 0020c 00000 02d01 0002d 0c 02 00 00 01 2d 2d 00 40 3f 45 80 
  299 000000000e04 0000000051de04 00041 0003f 00046 0020c 00000 00001 000c0 0c 02 00 00 01 00 c0 00 41 3f 46 80 
  300 000000000e10 0000000051de10 00041 0003f 00045 0020c 00000 00001 00040 0c 02 00 00 01 00 40 00 41 3f 45 80 
  301 000000000e1c 0000000051de1c  BLANK  BLANK  BLANK 0ff00 00000 00000 0ff00 00 ff 00 00 00 00 00 ff ff 00 00 00 
  302 000000000e28 0000000051de28  BLANK  BLANK  BLANK 0ff00 00000 00000 0ff00 00 ff 00 00 00 00 00 ff ff 00 00 00 
  303 000000000e34 0000000051de34 00042 0003f 00046 0020c 00000 00001 000c0 0c 02 00 00 01 00 c0 00 42 3f 46 80 
  304 000000000e40 0000000051de40 00042 0003f 00045 0020c 00000 00001 00040 0c 02 00 00 01 00 40 00 42 3f 45 80 
  305 000000000e4c 0000000051de4c 00043 0003f 00046 0020c 00000 0d301 000d3 0c 02 00 00 01 d3 d3 00 43 3f 46 80 
  306 000000000e58 0000000051de58 00043 0003f 00045 0020c 00000 0d301 0002d 0c 02 00 00 01 d3 2d 00 43 3f 45 80 
  307 000000000e64 0000000051de64 00046 00040 00040 0ff2b 00100 00000 00200 2b ff 00 01 00 00 00 02 46 40 40 80 
  308 000000000e70 0000000051de70 00046 00040 00041 0ff06 00100 00000 00200 06 ff 00 01 00 00 00 02 46 40 41 80 
  309 000000000e7c 0000000051de7c 00047 00040 00041 0ff05 00000 00001 00200 05 ff 00 00 01 00 00 02 47 40 41 80 
  310 000000000e88 0000000051de88 00048 00040 00041 0ff06 00000 00000 00200 06 ff 00 00 00 00 00 02 48 40 41 80 
  311 000000000e94 0000000051de94 00046 00040 0003f 0ff06 00200 00000 00200 06 ff 00 02 00 00 00 02 46 40 3f 80 
  312 000000000ea0 0000000051dea0 00047 00040 0003f 0ff05 00200 00001 00200 05 ff 00 02 01 00 00 02 47 40 3f 80 
  313 000000000eac 0000000051deac 00048 00040 0003f 0ff06 00300 00000 00200 06 ff 00 03 00 00 00 02 48 40 3f 80 
  314 000000000eb8 0000000051deb8 00048 00040 00040 0ff05 00300 00001 00200 05 ff 00 03 01 00 00 02 48 40 40 80 
  315 000000000ec4 0000000051dec4 00047 00040 00040 0ff2c 00000 00000 00200 2c ff 00 00 00 00 00 02 47 40 40 80 
  316 000000000ed0 0000000051ded0 00046 0003f 00041 0ff0d 00100 00000 00200 0d ff 00 01 00 00 00 02 46 3f 41 80 
  317 000000000edc 0000000051dedc 00047 0003f 00041 0ff0b 00000 00000 00200 0b ff 00 00 00 00 00 02 47 3f 41 80 
  318 000000000ee8 0000000051dee8 00047 0003f 0003f 0ff0b 00200 00000 00200 0b ff 00 02 00 00 00 02 47 3f 3f 80 
  319 000000000ef4 0000000051def4 00048 0003f 00040 0ff0b 00300 00000 00200 0b ff 00 03 00 00 00 02 48 3f 40 80 
  320 000000000f00 0000000051df00 00046 0003f 00040 0ff0b 00100 00000 00200 0b ff 00 01 00 00 00 02 46 3f 40 80 
  321 000000000f0c 0000000051df0c 00048 0003f 00041 0ff0d 00000 00000 00200 0d ff 00 00 00 00 00 02 48 3f 41 80 
  322 000000000f18 0000000051df18 00048 0003f 0003f 0ff0d 00300 00000 00200 0d ff 00 03 00 00 00 02 48 3f 3f 80 
  323 000000000f24 0000000051df24 00046 0003f 0003f 0ff0d 00200 00000 00200 0d ff 00 02 00 00 00 02 46 3f 3f 80 
  324 000000000f30 0000000051df30 00047 0003f 00040 0ff0c 00000 00001 00200 0c ff 00 00 01 00 00 02 47 3f 40 80 
  325 000000000f3c 0000000051df3c  BLANK  BLANK  BLANK 0ff00 00000 00000 0ff00 00 ff 00 00 00 00 00 ff ff 00 00 00 
  326 000000000f48 0000000051df48  BLANK  BLANK  BLANK 0ff00 00000 00000 0ff00 00 ff 00 00 00 00 00 ff ff 00 00 00 
  327 000000000f54 0000000051df54 00047 00043 00040 0092d 00000 05900 003a7 2d 09 00 00 00 59 a7 03 47 43 40 80 
  328 000000000f60 0000000051df60 00047 00043 0003f 0092e 00000 07f00 00300 2e 09 00 00 00 7f 00 03 47 43 3f 80 
  329 000000000f6c 0000000051df6c 00047 00043 0003e 0092e 00000 07f00 00300 2e 09 00 00 00 7f 00 03 47 43 3e 80 
  330 000000000f78 0000000051df78 00047 00043 0003d 0092f 00100 05900 00359 2f 09 00 01 00 59 59 03 47 43 3d 80 
  331 000000000f84 0000000051df84 00048 00043 00040 0092e 00300 00000 00381 2e 09 00 03 00 00 81 03 48 43 40 80 
  332 000000000f90 0000000051df90 00049 00043 0003d 0092f 00200 0a700 00359 2f 09 00 02 00 a7 59 03 49 43 3d 80 
  333 000000000f9c 0000000051df9c 00049 00043 00040 0092f 00300 0a700 003a7 2f 09 00 03 00 a7 a7 03 49 43 40 80 
  334 000000000fa8 0000000051dfa8 00049 00043 0003f 0092e 00200 08100 00300 2e 09 00 02 00 81 00 03 49 43 3f 80 
  335 000000000fb4 0000000051dfb4 00048 00043 0003f 00930 00000 00000 003c0 30 09 00 00 00 00 c0 03 48 43 3f 80 
  336 000000000fc0 0000000051dfc0 00048 00043 0003e 00930 00000 00000 00340 30 09 00 00 00 00 40 03 48 43 3e 80 
  337 000000000fcc 0000000051dfcc 00049 00043 0003e 00931 00300 08100 00300 31 09 00 03 00 81 00 03 49 43 3e 80 
  338 000000000fd8 0000000051dfd8 00048 00043 0003d 00931 00200 00000 0037f 31 09 00 02 00 00 7f 03 48 43 3d 80 
  339 000000000fe4 0000000051dfe4 0004a 00043 0003e 0ff32 00100 00000 00300 32 ff 00 01 00 00 00 03 4a 43 3e 80 
  340 000000000ff0 0000000051dff0 0004b 00043 0003e 00a33 00000 07f00 00300 33 0a 00 00 00 7f 00 03 4b 43 3e 80 
  341 000000000ffc 0000000051dffc 0004b 00043 0003f 00a2f 00000 05900 003a7 2f 0a 00 00 00 59 a7 03 4b 43 3f 80 
  342 000000001008 0000000051e008 0004c 00043 0003f 00a2f 00300 0a700 003a7 2f 0a 00 03 00 a7 a7 03 4c 43 3f 80 
  343 000000001014 0000000051e014 0004c 00043 0003d 00a2f 00200 0a700 00359 2f 0a 00 02 00 a7 59 03 4c 43 3d 80 
  344 000000001020 0000000051e020 0004b 00043 0003d 00a2f 00100 05900 00359 2f 0a 00 01 00 59 59 03 4b 43 3d 80 
  345 00000000102c 0000000051e02c 0004c 00043 0003e 00a2e 00200 08100 00300 2e 0a 00 02 00 81 00 03 4c 43 3e 80 
  346 000000001038 0000000051e038 00048 00043 0003c 0ff32 00000 00000 00300 32 ff 00 00 00 00 00 03 48 43 3c 80 
  347 000000001044 0000000051e044 00048 00043 0003b 00833 00300 00000 00381 33 08 00 03 00 00 81 03 48 43 3b 80 
  348 000000001050 0000000051e050 00049 00043 0003b 0082f 00300 0a700 003a7 2f 08 00 03 00 a7 a7 03 49 43 3b 80 
  349 00000000105c 0000000051e05c 00047 00043 0003b 0082f 00000 05900 003a7 2f 08 00 00 00 59 a7 03 47 43 3b 80 
  350 000000001068 0000000051e068 00049 00043 0003a 0082f 00200 0a700 00359 2f 08 00 02 00 a7 59 03 49 43 3a 80 
  351 000000001074 0000000051e074 00047 00043 0003a 0082f 00100 05900 00359 2f 08 00 01 00 59 59 03 47 43 3a 80 
  352 000000001080 0000000051e080 00048 00043 0003a 00833 00100 00000 0037f 33 08 00 01 00 00 7f 03 48 43 3a 80 
  353 00000000108c 0000000051e08c 0003d 00040 00046 0ff18 00100 00000 0ff00 18 ff 00 01 00 00 00 ff 3d 40 46 80 
  354 000000001098 0000000051e098 0003c 00040 00046 0ff1a 00100 00000 0ff00 1a ff 00 01 00 00 00 ff 3c 40 46 80 
  355 0000000010a4 0000000051e0a4 0003c 00040 00047 0ff18 00000 00000 0ff00 18 ff 00 00 00 00 00 ff 3c 40 47 80 
  356 0000000010b0 0000000051e0b0 0003c 00040 00048 0ff18 00000 00000 0ff00 18 ff 00 00 00 00 00 ff 3c 40 48 80 
  357 0000000010bc 0000000051e0bc 0003c 00040 00049 0ff07 00200 00000 0ff00 07 ff 00 02 00 00 00 ff 3c 40 49 80 
  358 0000000010c8 0000000051e0c8 0003d 00040 00049 0ff06 00300 00000 0ff00 06 ff 00 03 00 00 00 ff 3d 40 49 80 
  359 0000000010d4 0000000051e0d4 0003d 00040 0004a 0ff05 00300 00001 0ff00 05 ff 00 03 01 00 00 ff 3d 40 4a 80 
  360 0000000010e0 0000000051e0e0 0003d 00040 0004b 0ff06 00000 00000 0ff00 06 ff 00 00 00 00 00 ff 3d 40 4b 80 
  361 0000000010ec 0000000051e0ec 0003c 00040 0004b 0ff05 00000 00001 0ff00 05 ff 00 00 01 00 00 ff 3c 40 4b 80 
  362 0000000010f8 0000000051e0f8 0003b 00040 0004b 0ff06 00100 00000 0ff00 06 ff 00 01 00 00 00 ff 3b 40 4b 80 
  363 000000001104 0000000051e104 0003b 00040 00049 0ff06 00200 00000 0ff00 06 ff 00 02 00 00 00 ff 3b 40 49 80 
  364 000000001110 0000000051e110 0003b 00040 0004a 0ff05 00100 00001 0ff00 05 ff 00 01 01 00 00 ff 3b 40 4a 80 
  365 00000000111c 0000000051e11c 0003b 0003f 0004b 0ff0d 00100 00000 0ff00 0d ff 00 01 00 00 00 ff 3b 3f 4b 80 
  366 000000001128 0000000051e128 0003c 0003f 0004b 0ff0b 00000 00000 0ff00 0b ff 00 00 00 00 00 ff 3c 3f 4b 80 
  367 000000001134 0000000051e134 0003c 00040 0004a 0ff00 00000 00000 0ff00 00 ff 00 00 00 00 00 ff 3c 40 4a 80 
  368 000000001140 0000000051e140 0003c 0003f 0004a 0ff0c 00000 00001 0ff00 0c ff 00 00 01 00 00 ff 3c 3f 4a 80 
  369 00000000114c 0000000051e14c 0003c 0003f 00049 0ff0b 00200 00000 0ff00 0b ff 00 02 00 00 00 ff 3c 3f 49 80 
  370 000000001158 0000000051e158 0003d 0003f 0004a 0ff0b 00300 00000 0ff00 0b ff 00 03 00 00 00 ff 3d 3f 4a 80 
  371 000000001164 0000000051e164 0003b 0003f 0004a 0ff0b 00100 00000 0ff00 0b ff 00 01 00 00 00 ff 3b 3f 4a 80 
  372 000000001170 0000000051e170 0003b 0003f 00049 0ff0d 00200 00000 0ff00 0d ff 00 02 00 00 00 ff 3b 3f 49 80 
  373 00000000117c 0000000051e17c 0003d 0003f 00049 0ff0d 00300 00000 0ff00 0d ff 00 03 00 00 00 ff 3d 3f 49 80 
  374 000000001188 0000000051e188 0003d 0003f 0004b 0ff0d 00000 00000 0ff00 0d ff 00 00 00 00 00 ff 3d 3f 4b 80 
  375 000000001194 0000000051e194 00045 00040 00046 00307 00100 07f00 00000 07 03 00 01 00 7f 00 00 45 40 46 80 
  376 0000000011a0 0000000051e1a0 00045 00040 00047 00306 00100 05900 000a7 06 03 00 01 00 59 a7 00 45 40 47 80 
  377 0000000011ac 0000000051e1ac 00045 0003f 00047 0030d 00100 05900 000a7 0d 03 00 01 00 59 a7 00 45 3f 47 80 
  378 0000000011b8 0000000051e1b8 00045 0003f 00046 0030b 00100 07f00 00000 0b 03 00 01 00 7f 00 00 45 3f 46 80 
  379 0000000011c4 0000000051e1c4 00045 00040 00045 00305 00100 07f01 00000 05 03 00 01 01 7f 00 00 45 40 45 80 
  380 0000000011d0 0000000051e1d0 00045 0003f 00045 0030b 00100 07f00 00000 0b 03 00 01 00 7f 00 00 45 3f 45 80 
  381 0000000011dc 0000000051e1dc 00045 00040 00044 00306 00200 05900 00059 06 03 00 02 00 59 59 00 45 40 44 80 
  382 0000000011e8 0000000051e1e8 00045 0003f 00044 0030d 00200 05900 00059 0d 03 00 02 00 59 59 00 45 3f 44 80 
  383 0000000011f4 0000000051e1f4 00047 00040 00047 00306 00000 0a700 000a7 06 03 00 00 00 a7 a7 00 47 40 47 80 
  384 000000001200 0000000051e200 00047 0003f 00047 0030d 00000 0a700 000a7 0d 03 00 00 00 a7 a7 00 47 3f 47 80 
  385 00000000120c 0000000051e20c 00047 00040 00044 00306 00300 0a700 00059 06 03 00 03 00 a7 59 00 47 40 44 80 
  386 000000001218 0000000051e218 00047 0003f 00044 0030d 00300 0a700 00059 0d 03 00 03 00 a7 59 00 47 3f 44 80 
  387 000000001224 0000000051e224 00047 00040 00045 00305 00300 08101 00000 05 03 00 03 01 81 00 00 47 40 45 80 
  388 000000001230 0000000051e230 00047 0003f 00045 0030b 00300 08100 00000 0b 03 00 03 00 81 00 00 47 3f 45 80 
  389 00000000123c 0000000051e23c 00047 00040 00046 00305 00300 08101 00000 05 03 00 03 01 81 00 00 47 40 46 80 
  390 000000001248 0000000051e248 00047 0003f 00046 0030b 00300 08100 00000 0b 03 00 03 00 81 00 00 47 3f 46 80 
  391 000000001254 0000000051e254 00046 00040 00044 00334 00200 00001 0007f 34 03 00 02 01 00 7f 00 46 40 44 80 
  392 000000001260 0000000051e260 00046 0003f 00044 0030b 00200 00000 0007f 0b 03 00 02 00 00 7f 00 46 3f 44 80 
  393 00000000126c 0000000051e26c 00046 00040 00047 00305 00000 00001 00081 05 03 00 00 01 00 81 00 46 40 47 80 
  394 000000001278 0000000051e278 00046 0003f 00047 0030b 00000 00000 00081 0b 03 00 00 00 00 81 00 46 3f 47 80 
  395 000000001284 0000000051e284 00046 00040 00046 00300 00000 00000 000c0 00 03 00 00 00 00 c0 00 46 40 46 80 
  396 000000001290 0000000051e290 00046 0003f 00046 0030c 00000 00001 000c0 0c 03 00 00 01 00 c0 00 46 3f 46 80 
  397 00000000129c 0000000051e29c 00046 00040 00045 00300 00000 00000 00040 00 03 00 00 00 00 40 00 46 40 45 80 
  398 0000000012a8 0000000051e2a8 00046 0003f 00045 0030c 00000 00001 00040 0c 03 00 00 01 00 40 00 46 3f 45 80 
  399 0000000012b4 0000000051e2b4 00048 00043 00037 0ff1d 00000 00000 0ff00 1d ff 00 00 00 00 00 ff 48 43 37 80 
  400 0000000012c0 0000000051e2c0 00048 00043 00036 0ff1d 00000 00000 0ff00 1d ff 00 00 00 00 00 ff 48 43 36 80 
  401 0000000012cc 0000000051e2cc 00048 00043 00035 0ff1d 00000 00000 0ff00 1d ff 00 00 00 00 00 ff 48 43 35 80 
  402 0000000012d8 0000000051e2d8 00048 00043 00034 0ff1d 00000 00000 0ff00 1d ff 00 00 00 00 00 ff 48 43 34 80 
  403 0000000012e4 0000000051e2e4 00048 00043 00033 0ff35 00000 00000 0ff00 35 ff 00 00 00 00 00 ff 48 43 33 80 
  404 0000000012f0 0000000051e2f0 0004e 00043 0003a 0ff36 00100 00001 0ff00 36 ff 00 01 01 00 00 ff 4e 43 3a 80 
  405 0000000012fc 0000000051e2fc 0004c 00043 00038 0ff36 00000 00000 0ff00 36 ff 00 00 00 00 00 ff 4c 43 38 80 
  406 000000001308 0000000051e308 00044 00040 00049 0ff37 00300 00000 0ff00 37 ff 00 03 00 00 00 ff 44 40 49 80 
  407 000000001314 0000000051e314 00040 00040 00040 00500 00000 00000 00100 00 05 00 00 00 00 00 01 40 40 40 80 
  408 000000001320 0000000051e320  BLANK  BLANK  BLANK 0ff00 00000 00001 0ff00 00 ff 00 00 01 00 00 ff ff 00 00 00 
  409 00000000132c 0000000051e32c  BLANK  BLANK  BLANK 0ff00 00000 00000 0ff00 00 ff 00 00 00 00 00 ff ff 00 00 00 
  410 000000001338 0000000051e338  BLANK  BLANK  BLANK 0ff00 00000 00000 0ff00 00 ff 00 00 00 00 00 ff ff 00 00 00 
  411 000000001344 0000000051e344  BLANK  BLANK  BLANK 0ff00 00000 00001 0ff00 00 ff 00 00 01 00 00 ff ff 00 00 00 
  412 000000001350 0000000051e350  BLANK  BLANK  BLANK 0ff00 00000 00000 0ff00 00 ff 00 00 00 00 00 ff ff 00 00 00 
  413 00000000135c 0000000051e35c  BLANK  BLANK  BLANK 0ff00 00000 00000 0ff00 00 ff 00 00 00 00 00 ff ff 00 00 00 
  414 000000001368 0000000051e368  BLANK  BLANK  BLANK 0ff00 00000 00000 0ff00 00 ff 00 00 00 00 00 ff ff 00 00 00 
  415 000000001374 0000000051e374  BLANK  BLANK  BLANK 0ff00 00000 00001 0ff00 00 ff 00 00 01 00 00 ff ff 00 00 00 
  416 000000001380 0000000051e380  BLANK  BLANK  BLANK 0ff00 00000 00001 0ff00 00 ff 00 00 01 00 00 ff ff 00 00 00 
  417 00000000138c 0000000051e38c  BLANK  BLANK  BLANK 0ff00 00000 00000 0ff00 00 ff 00 00 00 00 00 ff ff 00 00 00 
  418 000000001398 0000000051e398  BLANK  BLANK  BLANK 0ff00 00000 00000 0ff00 00 ff 00 00 00 00 00 ff ff 00 00 00 
  419 0000000013a4 0000000051e3a4  BLANK  BLANK  BLANK 0ff00 00000 00000 0ff00 00 ff 00 00 00 00 00 ff ff 00 00 00 
  420 0000000013b0 0000000051e3b0  BLANK  BLANK  BLANK 0ff00 00000 00000 0ff00 00 ff 00 00 00 00 00 ff ff 00 00 00 
  421 0000000013bc 0000000051e3bc  BLANK  BLANK  BLANK 0ff00 00000 00001 0ff00 00 ff 00 00 01 00 00 ff ff 00 00 00 
  422 0000000013c8 0000000051e3c8  BLANK  BLANK  BLANK 0ff00 00000 00000 0ff00 00 ff 00 00 00 00 00 ff ff 00 00 00 
  423 0000000013d4 0000000051e3d4  BLANK  BLANK  BLANK 0ff00 00000 00000 0ff00 00 ff 00 00 00 00 00 ff ff 00 00 00 
  424 0000000013e0 0000000051e3e0  BLANK  BLANK  BLANK 0ff00 00000 00000 0ff00 00 ff 00 00 00 00 00 ff ff 00 00 00 
  425 0000000013ec 0000000051e3ec  BLANK  BLANK  BLANK 0ff00 00000 00000 0ff00 00 ff 00 00 00 00 00 ff ff 00 00 00 
  426 0000000013f8 0000000051e3f8  BLANK  BLANK  BLANK 0ff00 00000 00000 0ff00 00 ff 00 00 00 00 00 ff ff 00 00 00 
  427 000000001404 0000000051e404  BLANK  BLANK  BLANK 0ff00 00000 00000 0ff00 00 ff 00 00 00 00 00 ff ff 00 00 00 
  428 000000001410 0000000051e410  BLANK  BLANK  BLANK 0ff00 00000 00000 0ff00 00 ff 00 00 00 00 00 ff ff 00 00 00 
  429 00000000141c 0000000051e41c  BLANK  BLANK  BLANK 0ff00 00000 00000 0ff00 00 ff 00 00 00 00 00 ff ff 00 00 00 
  430 000000001428 0000000051e428  BLANK  BLANK  BLANK 0ff00 00000 00000 0ff00 00 ff 00 00 00 00 00 ff ff 00 00 00 
  431 000000001434 0000000051e434  BLANK  BLANK  BLANK 0ff00 00000 00000 0ff00 00 ff 00 00 00 00 00 ff ff 00 00 00 
  432 000000001440 0000000051e440  BLANK  BLANK  BLANK 0ff00 00000 00000 0ff00 00 ff 00 00 00 00 00 ff ff 00 00 00 
  433 00000000144c 0000000051e44c  BLANK  BLANK  BLANK 0ff00 00000 00000 0ff00 00 ff 00 00 00 00 00 ff ff 00 00 00 
  434 000000001458 0000000051e458  BLANK  BLANK  BLANK 0ff00 00000 00000 0ff00 00 ff 00 00 00 00 00 ff ff 00 00 00 
  435 000000001464 0000000051e464  BLANK  BLANK  BLANK 0ff00 00000 00000 0ff00 00 ff 00 00 00 00 00 ff ff 00 00 00 
  436 000000001470 0000000051e470  BLANK  BLANK  BLANK 0ff00 00000 00000 0ff00 00 ff 00 00 00 00 00 ff ff 00 00 00 
  437 00000000147c 0000000051e47c  BLANK  BLANK  BLANK 0ff00 00000 00000 0ff00 00 ff 00 00 00 00 00 ff ff 00 00 00 
  438 000000001488 0000000051e488  BLANK  BLANK  BLANK 0ff00 00000 00000 0ff00 00 ff 00 00 00 00 00 ff ff 00 00 00 
  439 000000001494 0000000051e494  BLANK  BLANK  BLANK 0ff00 00000 00000 0ff00 00 ff 00 00 00 00 00 ff ff 00 00 00 
  440 0000000014a0 0000000051e4a0  BLANK  BLANK  BLANK 0ff00 00000 00000 0ff00 00 ff 00 00 00 00 00 ff ff 00 00 00 
  441 0000000014ac 0000000051e4ac  BLANK  BLANK  BLANK 0ff00 00000 00001 0ff00 00 ff 00 00 01 00 00 ff ff 00 00 00 
  442 0000000014b8 0000000051e4b8  BLANK  BLANK  BLANK 0ff00 00000 00001 0ff00 00 ff 00 00 01 00 00 ff ff 00 00 00 
  443 0000000014c4 0000000051e4c4  BLANK  BLANK  BLANK 0ff00 00000 00001 0ff00 00 ff 00 00 01 00 00 ff ff 00 00 00 
  444 0000000014d0 0000000051e4d0  BLANK  BLANK  BLANK 0ff00 00000 00001 0ff00 00 ff 00 00 01 00 00 ff ff 00 00 00 
  445 0000000014dc 0000000051e4dc  BLANK  BLANK  BLANK 0ff00 00000 00000 0ff00 00 ff 00 00 00 00 00 ff ff 00 00 00 
  446 0000000014e8 0000000051e4e8  BLANK  BLANK  BLANK 0ff00 00000 00000 0ff00 00 ff 00 00 00 00 00 ff ff 00 00 00 
  447 0000000014f4 0000000051e4f4  BLANK  BLANK  BLANK 0ff00 00000 00001 0ff00 00 ff 00 00 01 00 00 ff ff 00 00 00 
  448 000000001500 0000000051e500  BLANK  BLANK  BLANK 0ff00 00000 00001 0ff00 00 ff 00 00 01 00 00 ff ff 00 00 00 
  449 00000000150c 0000000051e50c  BLANK  BLANK  BLANK 0ff00 00000 00001 0ff00 00 ff 00 00 01 00 00 ff ff 00 00 00 
  450 000000001518 0000000051e518  BLANK  BLANK  BLANK 0ff00 00000 00001 0ff00 00 ff 00 00 01 00 00 ff ff 00 00 00 
  451 000000001524 0000000051e524  BLANK  BLANK  BLANK 0ff00 00000 00000 0ff00 00 ff 00 00 00 00 00 ff ff 00 00 00 
  452 000000001530 0000000051e530  BLANK  BLANK  BLANK 0ff00 00000 00000 0ff00 00 ff 00 00 00 00 00 ff ff 00 00 00 
  453 00000000153c 0000000051e53c  BLANK  BLANK  BLANK 0ff00 00000 00001 0ff00 00 ff 00 00 01 00 00 ff ff 00 00 00 
  454 000000001548 0000000051e548  BLANK  BLANK  BLANK 0ff00 00000 00000 0ff00 00 ff 00 00 00 00 00 ff ff 00 00 00 
  455 000000001554 0000000051e554  BLANK  BLANK  BLANK 0ff00 00000 00000 0ff00 00 ff 00 00 00 00 00 ff ff 00 00 00 
  456 000000001560 0000000051e560  BLANK  BLANK  BLANK 0ff00 00000 00001 0ff00 00 ff 00 00 01 00 00 ff ff 00 00 00 
  457 00000000156c 0000000051e56c  BLANK  BLANK  BLANK 0ff00 00000 00000 0ff00 00 ff 00 00 00 00 00 ff ff 00 00 00 
  458 000000001578 0000000051e578  BLANK  BLANK  BLANK 0ff00 00000 00001 0ff00 00 ff 00 00 01 00 00 ff ff 00 00 00 
  459 000000001584 0000000051e584  BLANK  BLANK  BLANK 0ff00 00000 00000 0ff00 00 ff 00 00 00 00 00 ff ff 00 00 00 
  460 000000001590 0000000051e590  BLANK  BLANK  BLANK 0ff00 00000 00000 0ff00 00 ff 00 00 00 00 00 ff ff 00 00 00 
  461 00000000159c 0000000051e59c  BLANK  BLANK  BLANK 0ff00 00000 00000 0ff00 00 ff 00 00 00 00 00 ff ff 00 00 00 
  462 0000000015a8 0000000051e5a8  BLANK  BLANK  BLANK 0ff00 00000 00000 0ff00 00 ff 00 00 00 00 00 ff ff 00 00 00 
  463 0000000015b4 0000000051e5b4  BLANK  BLANK  BLANK 0ff00 00000 00000 0ff00 00 ff 00 00 00 00 00 ff ff 00 00 00 
  464 0000000015c0 0000000051e5c0  BLANK  BLANK  BLANK 0ff00 00000 00000 0ff00 00 ff 00 00 00 00 00 ff ff 00 00 00 
  465 0000000015cc 0000000051e5cc  BLANK  BLANK  BLANK 0ff00 00000 00000 0ff00 00 ff 00 00 00 00 00 ff ff 00 00 00 
  466 0000000015d8 0000000051e5d8  BLANK  BLANK  BLANK 0ff00 00000 00000 0ff00 00 ff 00 00 00 00 00 ff ff 00 00 00 
  467 0000000015e4 0000000051e5e4  BLANK  BLANK  BLANK 0ff00 00000 00000 0ff00 00 ff 00 00 00 00 00 ff ff 00 00 00 
  468 0000000015f0 0000000051e5f0  BLANK  BLANK  BLANK 0ff00 00000 00001 0ff00 00 ff 00 00 01 00 00 ff ff 00 00 00 
  469 0000000015fc 0000000051e5fc  BLANK  BLANK  BLANK 0ff00 00000 00000 0ff00 00 ff 00 00 00 00 00 ff ff 00 00 00 
  470 000000001608 0000000051e608  BLANK  BLANK  BLANK 0ff00 00000 00000 0ff00 00 ff 00 00 00 00 00 ff ff 00 00 00 
  471 000000001614 0000000051e614  BLANK  BLANK  BLANK 0ff00 00000 00000 0ff00 00 ff 00 00 00 00 00 ff ff 00 00 00 
  472 000000001620 0000000051e620  BLANK  BLANK  BLANK 0ff00 00000 00000 0ff00 00 ff 00 00 00 00 00 ff ff 00 00 00 
  473 00000000162c 0000000051e62c  BLANK  BLANK  BLANK 0ff00 00000 00000 0ff00 00 ff 00 00 00 00 00 ff ff 00 00 00 
  474 000000001638 0000000051e638  BLANK  BLANK  BLANK 0ff00 00000 00000 0ff00 00 ff 00 00 00 00 00 ff ff 00 00 00 
  475 000000001644 0000000051e644  BLANK  BLANK  BLANK 0ff00 00000 00000 0ff00 00 ff 00 00 00 00 00 ff ff 00 00 00 
  476 000000001650 0000000051e650  BLANK  BLANK  BLANK 0ff00 00000 00000 0ff00 00 ff 00 00 00 00 00 ff ff 00 00 00 
  477 00000000165c 0000000051e65c  BLANK  BLANK  BLANK 0ff00 00000 00000 0ff00 00 ff 00 00 00 00 00 ff ff 00 00 00 
  478 000000001668 0000000051e668  BLANK  BLANK  BLANK 0ff00 00000 00000 0ff00 00 ff 00 00 00 00 00 ff ff 00 00 00 
  479 000000001674 0000000051e674  BLANK  BLANK  BLANK 0ff00 00000 00000 0ff00 00 ff 00 00 00 00 00 ff ff 00 00 00 
  480 000000001680 0000000051e680  BLANK  BLANK  BLANK 0ff00 00000 00000 0ff00 00 ff 00 00 00 00 00 ff ff 00 00 00 
  481 00000000168c 0000000051e68c  BLANK  BLANK  BLANK 0ff00 00000 00000 0ff00 00 ff 00 00 00 00 00 ff ff 00 00 00 
  482 000000001698 0000000051e698  BLANK  BLANK  BLANK 0ff00 00000 00000 0ff00 00 ff 00 00 00 00 00 ff ff 00 00 00 
  483 0000000016a4 0000000051e6a4  BLANK  BLANK  BLANK 0ff00 00000 00000 0ff00 00 ff 00 00 00 00 00 ff ff 00 00 00 
  484 0000000016b0 0000000051e6b0  BLANK  BLANK  BLANK 0ff00 00000 00000 0ff00 00 ff 00 00 00 00 00 ff ff 00 00 00 
  485 0000000016bc 0000000051e6bc  BLANK  BLANK  BLANK 0ff00 00000 00000 0ff00 00 ff 00 00 00 00 00 ff ff 00 00 00 
  486 0000000016c8 0000000051e6c8  BLANK  BLANK  BLANK 0ff00 00000 00000 0ff00 00 ff 00 00 00 00 00 ff ff 00 00 00 
  487 0000000016d4 0000000051e6d4  BLANK  BLANK  BLANK 0ff00 00000 00000 0ff00 00 ff 00 00 00 00 00 ff ff 00 00 00 
  488 0000000016e0 0000000051e6e0  BLANK  BLANK  BLANK 0ff00 00000 00000 0ff00 00 ff 00 00 00 00 00 ff ff 00 00 00 
  489 0000000016ec 0000000051e6ec  BLANK  BLANK  BLANK 0ff00 00000 00000 0ff00 00 ff 00 00 00 00 00 ff ff 00 00 00 
  490 0000000016f8 0000000051e6f8  BLANK  BLANK  BLANK 0ff00 00000 00000 0ff00 00 ff 00 00 00 00 00 ff ff 00 00 00 
  491 000000001704 0000000051e704  BLANK  BLANK  BLANK 0ff00 00000 00000 0ff00 00 ff 00 00 00 00 00 ff ff 00 00 00 
  492 000000001710 0000000051e710  BLANK  BLANK  BLANK 0ff00 00000 00000 0ff00 00 ff 00 00 00 00 00 ff ff 00 00 00 
  493 00000000171c 0000000051e71c  BLANK  BLANK  BLANK 0ff00 00000 00000 0ff00 00 ff 00 00 00 00 00 ff ff 00 00 00 
  494 000000001728 0000000051e728  BLANK  BLANK  BLANK 0ff00 00000 00000 0ff00 00 ff 00 00 00 00 00 ff ff 00 00 00 
  495 000000001734 0000000051e734  BLANK  BLANK  BLANK 0ff00 00000 00000 0ff00 00 ff 00 00 00 00 00 ff ff 00 00 00 
  496 000000001740 0000000051e740  BLANK  BLANK  BLANK 0ff00 00000 00000 0ff00 00 ff 00 00 00 00 00 ff ff 00 00 00 
  497 00000000174c 0000000051e74c  BLANK  BLANK  BLANK 0ff00 00000 00000 0ff00 00 ff 00 00 00 00 00 ff ff 00 00 00 
  498 000000001758 0000000051e758  BLANK  BLANK  BLANK 0ff00 00000 00000 0ff00 00 ff 00 00 00 00 00 ff ff 00 00 00 
  499 000000001764 0000000051e764  BLANK  BLANK  BLANK 0ff00 00000 00000 0ff00 00 ff 00 00 00 00 00 ff ff 00 00 00 
  500 000000001770 0000000051e770  BLANK  BLANK  BLANK 0ff00 00000 00000 0ff00 00 ff 00 00 00 00 00 ff ff 00 00 00 
  501 00000000177c 0000000051e77c  BLANK  BLANK  BLANK 0ff00 00000 00000 0ff00 00 ff 00 00 00 00 00 ff ff 00 00 00 
  502 000000001788 0000000051e788  BLANK  BLANK  BLANK 0ff00 00000 00000 0ff00 00 ff 00 00 00 00 00 ff ff 00 00 00 
  503 000000001794 0000000051e794  BLANK  BLANK  BLANK 0ff00 00000 00001 0ff00 00 ff 00 00 01 00 00 ff ff 00 00 00 
  504 0000000017a0 0000000051e7a0  BLANK  BLANK  BLANK 0ff00 00000 00000 0ff00 00 ff 00 00 00 00 00 ff ff 00 00 00 
  505 0000000017ac 0000000051e7ac  BLANK  BLANK  BLANK 0ff00 00000 00001 0ff00 00 ff 00 00 01 00 00 ff ff 00 00 00 
  506 0000000017b8 0000000051e7b8  BLANK  BLANK  BLANK 0ff00 00000 00000 0ff00 00 ff 00 00 00 00 00 ff ff 00 00 00 
  507 0000000017c4 0000000051e7c4  BLANK  BLANK  BLANK 0ff00 00000 00000 0ff00 00 ff 00 00 00 00 00 ff ff 00 00 00 
  508 0000000017d0 0000000051e7d0  BLANK  BLANK  BLANK 0ff00 00000 00001 0ff00 00 ff 00 00 01 00 00 ff ff 00 00 00 
  509 0000000017dc 0000000051e7dc  BLANK  BLANK  BLANK 0ff00 00000 00000 0ff00 00 ff 00 00 00 00 00 ff ff 00 00 00 
  510 0000000017e8 0000000051e7e8  BLANK  BLANK  BLANK 0ff00 00000 00000 0ff00 00 ff 00 00 00 00 00 ff ff 00 00 00 
  511 0000000017f4 0000000051e7f4  BLANK  BLANK  BLANK 0ff00 00000 00000 0ff00 00 ff 00 00 00 00 00 ff ff 00 00 00 

========================================================================================================================
Summary for water_world_impure_pool_area:
  Total tiles: 512
  Non-blank tiles: 404
  Blank tiles: 108
